1	               4	             4.5	            4.25	   5.88235294118
2	            4.25	             4.5	           4.375	   2.85714285714
3	           4.375	             4.5	          4.4375	   1.40845070423
4	          4.4375	             4.5	         4.46875	  0.699300699301
5	         4.46875	             4.5	        4.484375	  0.348432055749
6	        4.484375	             4.5	       4.4921875	  0.173913043478
7	       4.4921875	             4.5	      4.49609375	 0.0868809730669
8	       4.4921875	      4.49609375	     4.494140625	 0.0434593654933
9	       4.4921875	     4.494140625	    4.4931640625	  0.021734405564
10	    4.4931640625	     4.494140625	   4.49365234375	 0.0108660219494
11	    4.4931640625	   4.49365234375	   4.49340820312	 0.0054333061668
12	   4.49340820312	   4.49365234375	   4.49353027344	0.00271657928337
13	   4.49340820312	   4.49353027344	   4.49346923828	0.00135830809144
14	   4.49340820312	   4.49346923828	    4.4934387207	0.000679158658254
15	   4.49340820312	    4.4934387207	   4.49342346191	0.000339580482272
16	   4.49340820312	   4.49342346191	   4.49341583252	0.000169790529424
17	   4.49340820312	   4.49341583252	   4.49341201782	8.4895336784e-05

1	             7.5	               8	            7.75	   3.22580645161
2	             7.5	            7.75	           7.625	    1.6393442623
3	           7.625	            7.75	          7.6875	  0.813008130081
4	          7.6875	            7.75	         7.71875	  0.404858299595
5	         7.71875	            7.75	        7.734375	   0.20202020202
6	         7.71875	        7.734375	       7.7265625	   0.10111223458
7	         7.71875	       7.7265625	      7.72265625	 0.0505816894284
8	      7.72265625	       7.7265625	     7.724609375	 0.0252844500632
9	     7.724609375	       7.7265625	    7.7255859375	 0.0126406269751
10	     7.724609375	    7.7255859375	   7.72509765625	0.00632071297642
11	   7.72509765625	    7.7255859375	   7.72534179688	0.00316025661284
12	   7.72509765625	   7.72534179688	   7.72521972656	0.00158015327487
13	   7.72521972656	   7.72534179688	   7.72528076172	0.000790070395272
14	   7.72521972656	   7.72528076172	   7.72525024414	0.00039503675817
15	   7.72525024414	   7.72528076172	   7.72526550293	0.000197517988951
16	   7.72525024414	   7.72526550293	   7.72525787354	9.87590920089e-05

1	            10.5	              11	           10.75	   2.32558139535
2	           10.75	              11	          10.875	   1.14942528736
3	          10.875	              11	         10.9375	  0.571428571429
4	          10.875	         10.9375	        10.90625	  0.286532951289
5	          10.875	        10.90625	       10.890625	  0.143472022956
6	       10.890625	        10.90625	      10.8984375	 0.0716845878136
7	      10.8984375	        10.90625	     10.90234375	 0.0358294518094
8	     10.90234375	        10.90625	    10.904296875	 0.0179115171055
9	     10.90234375	    10.904296875	   10.9033203125	 0.0089565606807
10	   10.9033203125	    10.904296875	   10.9038085938	0.00447807979938
11	   10.9038085938	    10.904296875	   10.9040527344	0.00223898976782
12	   10.9040527344	    10.904296875	   10.9041748047	0.00111948235136
13	   10.9040527344	   10.9041748047	   10.9041137695	 0.0005597443088
14	   10.9041137695	   10.9041748047	   10.9041442871	0.000279871371118
15	   10.9041137695	   10.9041442871	   10.9041290283	0.000139935881379
16	   10.9041137695	   10.9041290283	   10.9041213989	6.99679896447e-05

1	              14	            14.5	           14.25	   1.75438596491
2	           14.25	            14.5	          14.375	  0.869565217391
3	          14.375	            14.5	         14.4375	    0.4329004329
4	         14.4375	            14.5	        14.46875	  0.215982721382
5	        14.46875	            14.5	       14.484375	  0.107874865156
6	       14.484375	            14.5	      14.4921875	 0.0539083557951
7	      14.4921875	            14.5	     14.49609375	 0.0269469145783
8	     14.49609375	            14.5	    14.498046875	 0.0134716421932
9	    14.498046875	            14.5	   14.4990234375	0.00673536741429
10	   14.4990234375	            14.5	   14.4995117188	0.00336757029803
11	   14.4995117188	            14.5	   14.4997558594	0.00168375679817
12	   14.4997558594	            14.5	   14.4998779297	0.000841871311551
13	   14.4998779297	            14.5	   14.4999389648	0.000420933883915
14	   14.4999389648	            14.5	   14.4999694824	0.000210466498995
15	   14.4999694824	            14.5	   14.4999847412	0.000105233138757
16	   14.4999847412	            14.5	   14.4999923706	5.26165416936e-05

1	              17	            17.5	           17.25	   1.44927536232
2	              17	           17.25	          17.125	  0.729927007299
3	          17.125	           17.25	         17.1875	  0.363636363636
4	         17.1875	           17.25	        17.21875	  0.181488203267
5	        17.21875	           17.25	       17.234375	  0.090661831369
6	        17.21875	       17.234375	      17.2265625	 0.0453514739229
7	        17.21875	      17.2265625	     17.22265625	 0.0226808800181
8	        17.21875	     17.22265625	    17.220703125	 0.0113417262107
9	    17.220703125	     17.22265625	   17.2216796875	0.00567054153672
10	    17.220703125	   17.2216796875	   17.2211914062	0.00283535115824
11	    17.220703125	   17.2211914062	   17.2209472656	0.00141769567745
12	    17.220703125	   17.2209472656	   17.2208251953	0.000708852863411
13	    17.220703125	   17.2208251953	   17.2207641602	0.000354427687891
14	    17.220703125	   17.2207641602	   17.2207336426	0.000177214157994
15	   17.2207336426	   17.2207641602	   17.2207489014	8.86070004847e-05
