1	               4	             4.5	   4.47695392548	  0.514771313241
2	               4	   4.47695392548	   4.53497870813	   1.27949404799
3	               4	   4.53497870813	   4.39141961267	   3.26908171229
4	               4	   4.39141961267	    4.7627126255	   7.79583069629
5	               4	    4.7627126255	   3.90044764434	   22.1068210571
6	   3.90044764434	    4.7627126255	   3.78295216777	   3.10592022726
7	   3.78295216777	    4.7627126255	   3.64510695389	   3.78165073405
8	   3.64510695389	    4.7627126255	   3.48443607054	   4.61110148378
9	   3.48443607054	    4.7627126255	   3.29840347149	   5.64008013758
10	   3.29840347149	    4.7627126255	   3.08429727222	   6.94181462985
11	   3.08429727222	    4.7627126255	    2.8387633003	   8.64932880789
12	    2.8387633003	    4.7627126255	   2.55632952939	   11.0484101389
13	   2.55632952939	    4.7627126255	   2.22441243073	   14.9215628393
14	   2.22441243073	    4.7627126255	   1.79949983913	   23.6128163153
15	   1.79949983913	    4.7627126255	  0.824316993534	   118.301921863
16	  0.824316993534	    4.7627126255	  0.864963663019	   4.69923434038
17	  0.864963663019	    4.7627126255	  0.913177341637	   5.27977167418
18	  0.913177341637	    4.7627126255	   0.97194856991	   6.04674260466
19	   0.97194856991	    4.7627126255	   1.04642843957	   7.11753110317
20	   1.04642843957	    4.7627126255	   1.14668788143	   8.74339421283
21	   1.14668788143	    4.7627126255	   1.29705708631	   11.5931061527
22	   1.29705708631	    4.7627126255	   1.58898303368	   18.3718731529
23	   1.58898303368	    4.7627126255	   7.20799160506	   77.9552596515
24	   1.58898303368	   7.20799160506	   7.86000777993	    8.2953629707
25	   1.58898303368	   7.86000777993	   -1.4369478891	   646.993237511
26	   -1.4369478891	   7.86000777993	  -1.76877332504	   18.7602012787
27	  -1.76877332504	   7.86000777993	  -1.40860711526	   25.5689614144
28	  -1.40860711526	   7.86000777993	  -1.66638039745	   15.4690539199
29	  -1.66638039745	   7.86000777993	  -1.04649274332	   59.2347780796
30	  -1.04649274332	   7.86000777993	  -1.08161801249	   3.24747450176
31	  -1.08161801249	   7.86000777993	  -1.12280549295	   3.66826495974
32	  -1.12280549295	   7.86000777993	  -1.17259432337	   4.24604054704
33	  -1.17259432337	   7.86000777993	  -1.23563184524	    5.1016427031
34	  -1.23563184524	   7.86000777993	  -1.32203156706	   6.53537509776
35	  -1.32203156706	   7.86000777993	  -1.46227024955	   9.59047635201
36	  -1.46227024955	   7.86000777993	  -1.89535872486	    22.849947592
37	  -1.89535872486	   7.86000777993	   -1.6295935249	   16.3086804101
38	   -1.6295935249	   7.86000777993	 -0.711422768104	   129.061199326
39	 -0.711422768104	   7.86000777993	 -0.718855552923	   1.03397473787
40	 -0.718855552923	   7.86000777993	 -0.726572021754	   1.06203770582
41	 -0.726572021754	   7.86000777993	 -0.734592472936	   1.09182321869
42	 -0.734592472936	   7.86000777993	 -0.742939422168	   1.12350334134
43	 -0.742939422168	   7.86000777993	 -0.751637937017	   1.15727458927
44	 -0.751637937017	   7.86000777993	  -0.76071603714	   1.19336252689
45	  -0.76071603714	   7.86000777993	 -0.770205176416	   1.23202746055
46	 -0.770205176416	   7.86000777993	 -0.780140828025	   1.27357154659
47	 -0.780140828025	   7.86000777993	 -0.790563200167	   1.31834774751
48	 -0.790563200167	   7.86000777993	 -0.801518119218	   1.36677122926
49	 -0.801518119218	   7.86000777993	 -0.813058129879	    1.4193340226
50	 -0.813058129879	   7.86000777993	  -0.82524387996	   1.47662410797

1	             7.5	               8	   7.26043785038	   3.29955513088
2	   7.26043785038	               8	   6.78674145954	   6.97973237472
3	   6.78674145954	               8	   5.90330591358	   14.9650985209
4	   5.90330591358	               8	   4.34812486405	   35.7667062965
5	   4.34812486405	               8	   3.86620006932	   12.4650764599
6	   3.86620006932	               8	   2.82356651059	   36.9261200264
7	   2.82356651059	               8	   1.42233317329	   98.5165335117
8	   1.42233317329	               8	   3.14802542523	   54.8182437827
9	   3.14802542523	               8	   1.84053084635	   71.0389929873
10	   1.84053084635	               8	  -1.75771650596	   204.711473102
11	  -1.75771650596	               8	   1.38922582341	   226.524894394
12	   1.38922582341	               8	   2.81169687467	   50.5911950919
13	   2.81169687467	               8	   1.40649270131	   99.9083871566
14	   1.40649270131	               8	   2.97638153084	   52.7448787483
15	   2.97638153084	               8	   1.62180140941	    83.523180678
16	   1.62180140941	               8	   22.7240482944	    92.863061245
17	   1.62180140941	   22.7240482944	  -728.297423277	   103.120160469
18	  -728.297423277	   22.7240482944	  0.891891693711	   81757.6080271
19	  -728.297423277	  0.891891693711	   1.23968307072	   28.0548621839
20	  -728.297423277	   1.23968307072	    2.9141914076	   57.4604788318
21	  -728.297423277	    2.9141914076	 -0.227762746305	   1379.48554137
22	  -728.297423277	 -0.227762746305	 -0.231780009477	   1.73322245544
23	  -728.297423277	 -0.231780009477	  -0.23601678447	   1.79511597133
24	  -728.297423277	  -0.23601678447	 -0.240493769662	   1.86158053008
25	  -728.297423277	 -0.240493769662	 -0.245234497996	   1.93314088039
26	  -728.297423277	 -0.245234497996	 -0.250265855662	   2.01040515621
27	  -728.297423277	 -0.250265855662	  -0.25561872156	   2.09408210219
28	  -728.297423277	  -0.25561872156	 -0.261328762195	   2.18500274779
29	  -728.297423277	 -0.261328762195	 -0.267437428686	   2.28414792972
30	  -728.297423277	 -0.267437428686	  -0.27399321948	   2.39268358796
31	  -728.297423277	  -0.27399321948	 -0.281053296618	   2.51200652059
32	  -728.297423277	 -0.281053296618	 -0.288685578636	   2.64380439598
33	  -728.297423277	 -0.288685578636	 -0.296971485424	   2.79013548241
34	  -728.297423277	 -0.296971485424	 -0.306009589043	   2.95353607977
35	  -728.297423277	 -0.306009589043	  -0.31592054591	   3.13716755524
36	  -728.297423277	  -0.31592054591	 -0.326853877072	   3.34502110229
37	  -728.297423277	 -0.326853877072	 -0.338997473249	   3.58220846332
38	  -728.297423277	 -0.338997473249	 -0.352591217966	    3.8553838054
39	  -728.297423277	 -0.352591217966	 -0.367947012769	   4.17337123825
40	  -728.297423277	 -0.367947012769	  -0.38547908325	   4.54812498093
41	  -728.297423277	  -0.38547908325	 -0.405751427969	   4.99624728868
42	  -728.297423277	 -0.405751427969	 -0.429555147036	   5.54148151452
43	  -728.297423277	 -0.429555147036	 -0.458040679651	   6.21899623335
44	  -728.297423277	 -0.458040679651	 -0.492957657697	   7.08315967923
45	  -728.297423277	 -0.492957657697	   -0.5371233033	   8.22262697068
46	  -728.297423277	   -0.5371233033	 -0.595428944131	   9.79220802173
47	  -728.297423277	 -0.595428944131	 -0.677301654983	   12.0880718731
48	  -728.297423277	 -0.677301654983	 -0.803960985331	   15.7544125472
49	  -728.297423277	 -0.803960985331	  -1.03730181512	   22.4949794158
50	  -728.297423277	  -1.03730181512	  -1.69105791593	   38.6595925928

1	            10.5	              11	   10.4810554715	  0.180750198072
2	   10.4810554715	              11	   10.4612468344	    0.1893525446
3	   10.4612468344	              11	   10.4405369059	  0.198360761411
4	   10.4405369059	              11	   10.4188871037	  0.207793806923
5	   10.4188871037	              11	   10.3962574106	  0.217671535948
6	   10.3962574106	              11	   10.3726063383	  0.228014748973
7	   10.3726063383	              11	   10.3478908928	  0.238845245976
8	   10.3478908928	              11	   10.3220665392	  0.250185885546
9	   10.3220665392	              11	   10.2950871668	  0.262060650229
10	   10.2950871668	              11	   10.2669050546	  0.274494719269
11	   10.2669050546	              11	   10.2374708364	  0.287514550155
12	   10.2374708364	              11	   10.2067334657	  0.301147970716
13	   10.2067334657	              11	   10.1746401798	  0.315424283963
14	   10.1746401798	              11	   10.1411364622	  0.330374388375
15	   10.1411364622	              11	   10.1061660033	   0.34603091705
16	   10.1061660033	              11	   10.0696706571	  0.362428400023
17	   10.0696706571	              11	   10.0315903933	  0.379603455194
18	   10.0315903933	              11	   9.99186324318	  0.397595014836
19	   9.99186324318	              11	   9.95042523494	  0.416444596636
20	   9.95042523494	              11	   9.90721031733	  0.436196630841
21	   9.90721031733	              11	   9.86215026533	  0.456898858657
22	   9.86215026533	              11	    9.8151745629	  0.478602821815
23	    9.8151745629	              11	   9.76621025464	  0.501364469825
24	   9.76621025464	              11	   9.71518175594	  0.525244920552
25	   9.71518175594	              11	   9.66201060791	   0.55031142262
26	   9.66201060791	              11	   9.60661515806	  0.576638586448
27	   9.60661515806	              11	   9.54891014135	  0.604309977327
28	   9.54891014135	              11	   9.48880612631	   0.63342020311
29	   9.48880612631	              11	     9.426208777	  0.664077688011
30	     9.426208777	              11	   9.36101786094	  0.696408414392
31	   9.36101786094	              11	   9.29312590218	  0.730561056433
32	   9.29312590218	              11	   9.22241633042	  0.766714158408
33	   9.22241633042	              11	   9.14876090155	  0.805086389963
34	   9.14876090155	              11	    9.0720160402	  0.845951561497
35	    9.0720160402	              11	   8.99201754538	  0.889661240282
36	   8.99201754538	              11	   8.90857273015	  0.936679957139
37	   8.90857273015	              11	   8.82144838437	  0.987642187434
38	   8.82144838437	              11	    8.7303516203	    1.0434489701
39	    8.7303516203	              11	   8.63489789218	   1.10544130697
40	   8.63489789218	              11	   8.53455422122	   1.17573417847
41	   8.53455422122	              11	   8.42852995887	   1.25792116625
42	   8.42852995887	              11	   8.31554228204	   1.35875295916
43	   8.31554228204	              11	   8.19322661666	   1.49288761436
44	   8.19322661666	              11	   8.05623239849	    1.7004750036
45	   8.05623239849	              11	   7.88628295203	   2.15500061941
46	   7.88628295203	              11	   7.27594564202	     8.388425918
47	   7.27594564202	              11	   7.18344238561	   1.28772879966
48	   7.18344238561	              11	   7.08560146177	    1.3808414765
49	   7.08560146177	              11	   6.98302055163	   1.46900484365
50	   6.98302055163	              11	   6.87614327594	   1.55432008037

1	              14	            14.5	   13.6745541749	   2.37993737045
2	   13.6745541749	            14.5	   11.9118897509	   14.7975213082
3	   11.9118897509	            14.5	   4.54577984303	   162.042821302
4	   4.54577984303	            14.5	     5.298011446	   14.1983763273
5	     5.298011446	            14.5	 -0.765589873289	   792.016918045
6	 -0.765589873289	            14.5	 -0.941833764872	   18.7128448943
7	 -0.941833764872	            14.5	  -1.34188809304	   29.8127936484
8	  -1.34188809304	            14.5	  -4.63682141868	   71.0601730824
9	  -4.63682141868	            14.5	  -23.7921319181	    80.511114201
10	  -23.7921319181	            14.5	-0.0175773637497	    135256.65676
11	  -23.7921319181	-0.0175773637497	-0.0175788977564	 0.0087264098762
12	  -23.7921319181	-0.0175788977564	-0.0175804321646	0.00872793257226
13	  -23.7921319181	-0.0175804321646	-0.0175819669747	0.00872945579976
14	  -23.7921319181	-0.0175819669747	-0.0175835021867	0.00873097955899
15	  -23.7921319181	-0.0175835021867	-0.0175850378008	0.00873250385019
16	  -23.7921319181	-0.0175850378008	-0.0175865738172	0.00873402867368
17	  -23.7921319181	-0.0175865738172	 -0.017588110236	0.00873555402974
18	  -23.7921319181	 -0.017588110236	-0.0175896470576	0.00873707991861
19	  -23.7921319181	-0.0175896470576	-0.0175911842819	 0.0087386063406
20	  -23.7921319181	-0.0175911842819	-0.0175927219092	  0.008740133296
21	  -23.7921319181	-0.0175927219092	-0.0175942599398	0.00874166078505
22	  -23.7921319181	-0.0175942599398	-0.0175957983736	0.00874318880805
23	  -23.7921319181	-0.0175957983736	 -0.017597337211	0.00874471736527
24	  -23.7921319181	 -0.017597337211	-0.0175988764522	0.00874624645703
25	  -23.7921319181	-0.0175988764522	-0.0176004160971	0.00874777608358
26	  -23.7921319181	-0.0176004160971	-0.0176019561462	0.00874930624519
27	  -23.7921319181	-0.0176019561462	-0.0176034965995	0.00875083694217
28	  -23.7921319181	-0.0176034965995	-0.0176050374572	0.00875236817477
29	  -23.7921319181	-0.0176050374572	-0.0176065787195	0.00875389994331
30	  -23.7921319181	-0.0176065787195	-0.0176081203865	0.00875543224803
31	  -23.7921319181	-0.0176081203865	-0.0176096624585	0.00875696508922
32	  -23.7921319181	-0.0176096624585	-0.0176112049356	0.00875849846718
33	  -23.7921319181	-0.0176112049356	 -0.017612747818	 0.0087600323822
34	  -23.7921319181	 -0.017612747818	-0.0176142911059	 0.0087615668345
35	  -23.7921319181	-0.0176142911059	-0.0176158347995	0.00876310182445
36	  -23.7921319181	-0.0176158347995	-0.0176173788988	0.00876463735227
37	  -23.7921319181	-0.0176173788988	-0.0176189234042	0.00876617341828
38	  -23.7921319181	-0.0176189234042	-0.0176204683158	0.00876771002274
39	  -23.7921319181	-0.0176204683158	-0.0176220136337	0.00876924716592
40	  -23.7921319181	-0.0176220136337	-0.0176235593582	0.00877078484814
41	  -23.7921319181	-0.0176235593582	-0.0176251054894	0.00877232306966
42	  -23.7921319181	-0.0176251054894	-0.0176266520275	0.00877386183078
43	  -23.7921319181	-0.0176266520275	-0.0176281989726	0.00877540113176
44	  -23.7921319181	-0.0176281989726	-0.0176297463251	0.00877694097291
45	  -23.7921319181	-0.0176297463251	-0.0176312940849	0.00877848135449
46	  -23.7921319181	-0.0176312940849	-0.0176328422524	0.00878002227681
47	  -23.7921319181	-0.0176328422524	-0.0176343908277	0.00878156374011
48	  -23.7921319181	-0.0176343908277	-0.0176359398109	0.00878310574474
49	  -23.7921319181	-0.0176359398109	-0.0176374892023	0.00878464829095
50	  -23.7921319181	-0.0176374892023	 -0.017639039002	0.00878619137901


1	              17	            17.5	   16.1998667635	   4.93913467414
2	   16.1998667635	            17.5	   12.9579870533	   25.0183897918
3	   12.9579870533	            17.5	   6.89691876763	   87.8808130111
4	   6.89691876763	            17.5	   2.72904519799	    152.72277545
5	   2.72904519799	            17.5	  0.238250834419	   1045.45042608
6	  0.238250834419	            17.5	  0.241878253933	   1.49968815076
7	  0.241878253933	            17.5	  0.245675766845	   1.54574175594
8	  0.245675766845	            17.5	  0.249657069403	   1.59470852054
9	  0.249657069403	            17.5	  0.253837451492	   1.64687364489
10	  0.253837451492	            17.5	  0.258234043066	   1.70256079366
11	  0.258234043066	            17.5	  0.262866108772	   1.76213880435
12	  0.262866108772	            17.5	  0.267755402343	   1.82602984989
13	  0.267755402343	            17.5	    0.2729265956	   1.89471943727
14	    0.2729265956	            17.5	  0.278407801369	   1.96876874235
15	  0.278407801369	            17.5	  0.284231215623	   2.04882994343
16	  0.284231215623	            17.5	  0.290433912314	   2.13566543988
17	  0.290433912314	            17.5	  0.297058835752	   2.23017215455
18	  0.297058835752	            17.5	  0.304156051257	   2.33341256099
19	  0.304156051257	            17.5	  0.311784337436	   2.44665471066
20	  0.311784337436	            17.5	  0.320013236064	   2.57142446006
21	  0.320013236064	            17.5	  0.328925723482	   2.70957446686
22	  0.328925723482	            17.5	  0.338621739088	   2.86337659013
23	  0.338621739088	            17.5	  0.349222915834	   3.03564750908
24	  0.349222915834	            17.5	  0.360879028325	   3.22992237734
25	  0.360879028325	            17.5	   0.37377694718	   3.45069939499
26	   0.37377694718	            17.5	  0.388153337681	   3.70379154465
27	  0.388153337681	            17.5	  0.404313104036	    3.9968445727
28	  0.404313104036	            17.5	  0.422656924691	   4.34012069428
29	  0.422656924691	            17.5	  0.443723691437	   4.74772187131
30	  0.443723691437	            17.5	   0.46825841842	   5.23956986514
31	   0.46825841842	            17.5	  0.497325882076	    5.8447518426
32	  0.497325882076	            17.5	   0.53251142809	   6.60747247066
33	   0.53251142809	            17.5	   0.57630067831	   7.59833397172
34	   0.57630067831	            17.5	  0.632862657101	   8.93748085095
35	  0.632862657101	            17.5	  0.709863335498	   10.8472539075
36	  0.709863335498	            17.5	  0.823412350813	   13.7900549103
37	  0.823412350813	            17.5	   1.01544933118	    18.911527584
38	   1.01544933118	            17.5	   1.45142848241	   30.0379354897
39	   1.45142848241	            17.5	   5.28442996245	    72.533868502
40	   5.28442996245	            17.5	 -0.243949677656	    2266.1967391
41	 -0.243949677656	            17.5	  -0.24795870608	   1.61681293128
42	  -0.24795870608	            17.5	 -0.252173058724	   1.67121446882
43	 -0.252173058724	            17.5	  -0.25661091441	   1.72941033942
44	  -0.25661091441	            17.5	 -0.261292790337	   1.79181213562
45	 -0.261292790337	            17.5	 -0.266241943823	   1.85889323647
46	 -0.266241943823	            17.5	 -0.271484861798	   1.93120085592
47	 -0.271484861798	            17.5	 -0.277051861631	    2.0093710255
48	 -0.277051861631	            17.5	 -0.282977834539	   2.09414737997
49	 -0.282977834539	            17.5	 -0.289303173361	   2.18640492204
50	 -0.289303173361	            17.5	  -0.29607494132	   2.28718037709
