1	             4.5	   4.49361390274	               0	  0.142114952353
2	   4.49361390274	   4.49340965501	               0	0.00454549541745
3	   4.49340965501	   4.49340945791	               0	4.38651323728e-06

1	             7.5	   8.15469155353	               0	   8.02840364022
2	   8.15469155353	   9.24904953662	               0	   11.8321128971
3	   9.24904953662	   308.245259621	               0	   96.9994511682
4	   308.245259621	    2364.6540343	               0	   86.9644668882
5	    2364.6540343	   3498.78753884	               0	   32.4150435528
6	   3498.78753884	   5314.01376206	               0	   34.1592307529
7	   5314.01376206	   5314.53274548	               0	0.00976536315248
8	   5314.53274548	   7129.33760091	               0	   25.4554484164
9	   7129.33760091	   9327.41164407	               0	   23.5657450002
10	   9327.41164407	   17550339.3423	               0	   99.9468533829
11	   17550339.3423	    17610064.114	               0	  0.339151358618
12	    17610064.114	   17612612.2565	               0	 0.0144677144048
13	   17612612.2565	   19583641.9068	               0	   10.0646736683
14	   19583641.9068	    72780560.586	               0	   73.0922079342
15	    72780560.586	   3922648054.46	               0	   98.1446064094
16	   3922648054.46	   8032603893.69	               0	   51.1659219554
17	   8032603893.69	   34023922218.4	               0	   76.3913053817
18	   34023922218.4	    192387439124	               0	    82.314894167
19	    192387439124	    233894599589	               0	   17.7460961214
20	    233894599589	    326304071470	               0	   28.3200486787
21	    326304071470	1.25198094371e+14	               0	   99.7393697779
22	1.25198094371e+14	4.95514776033e+14	               0	   74.7337313787
23	4.95514776033e+14	5.37675626102e+15	               0	   90.7841316962
24	5.37675626102e+15	5.79146314652e+15	               0	   7.16065828288
25	5.79146314652e+15	9.74262993919e+16	               0	   94.0555443626
26	9.74262993919e+16	2.46106270643e+17	               0	   60.4129146579
27	2.46106270643e+17	3.89887368002e+17	               0	   36.8775982909
28	3.89887368002e+17	3.92055718815e+17	               0	  0.553072103911
29	3.92055718815e+17	5.81508590025e+17	               0	   32.5795481718
30	5.81508590025e+17	5.31417873291e+18	               0	   89.0574137745
31	5.31417873291e+18	5.87204953535e+18	               0	   9.50044442027
32	5.87204953535e+18	9.12400209674e+20	               0	   99.3564173404
33	9.12400209674e+20	1.17300098782e+21	               0	   22.2165864185
34	1.17300098782e+21	5.33932391834e+21	               0	   78.0309079246
35	5.33932391834e+21	9.96483202443e+21	               0	   46.4183249126
36	9.96483202443e+21	1.16585455828e+22	               0	   14.5276573849
37	1.16585455828e+22	5.51624320703e+25	               0	   99.9788650624
38	5.51624320703e+25	8.87046571529e+25	               0	   37.8133754858
39	8.87046571529e+25	1.54228097306e+27	               0	   94.2484762049
40	1.54228097306e+27	1.57989281767e+27	               0	   2.38065799066
41	1.57989281767e+27	4.76660130808e+27	               0	   66.8549409619
42	4.76660130808e+27	4.82591506897e+27	               0	   1.22906764922
43	4.82591506897e+27	4.89220950686e+27	               0	   1.35510218427
44	4.89220950686e+27	1.82075219184e+29	               0	   97.3130832802
45	1.82075219184e+29	1.83991798559e+29	               0	   1.04166565606
46	1.83991798559e+29	5.83815794233e+30	               0	   96.8484614432
47	5.83815794233e+30	1.42489117229e+31	               0	   59.0273414851
48	1.42489117229e+31	1.17994816647e+32	               0	   87.9241206285
49	1.17994816647e+32	  5.20566445e+32	               0	   77.3333802475
50	  5.20566445e+32	7.8119816657e+33	               0	   93.3363073894

1	              11	   11.0046412004	               0	 0.0421749359789
2	   11.0046412004	   11.0146130908	               0	 0.0905332790487
3	   11.0146130908	   11.0376476929	               0	  0.208691224506
4	   11.0376476929	   11.0993075511	               0	  0.555528873334
5	   11.0993075511	   11.3237116463	               0	   1.98171855814
6	   11.3237116463	   12.9766066806	               0	    12.737498138
7	   12.9766066806	   79.2827333031	               0	    83.632493306
8	   79.2827333031	   172.180334562	               0	   53.9536652054
9	   172.180334562	   530.235733692	               0	   67.5275875197
10	   530.235733692	    1299.0688372	               0	   59.1833997931
11	    1299.0688372	   1299.62327362	               0	 0.0426613182739
12	   1299.62327362	   1845.37452064	               0	   29.5740100949
13	   1845.37452064	   2035.92634131	               0	   9.35946535964
14	   2035.92634131	   67690.0070592	               0	    96.992279319
15	   67690.0070592	    75076.179911	               0	   9.83823745504
16	    75076.179911	   75146.1615598	               0	 0.0931273765319
17	   75146.1615598	   167214.545414	               0	   55.0600329811
18	   167214.545414	   9253549.60812	               0	   98.1929686175
19	   9253549.60812	    12849793.899	               0	   27.9867857736
20	    12849793.899	    13427891.664	               0	   4.30520128881
21	    13427891.664	   17941450.3659	               0	   25.1571562492
22	   17941450.3659	   3179737730.93	               0	   99.4357569119
23	   3179737730.93	   7513987331.23	               0	   57.6824182587
24	   7513987331.23	   23405601333.1	               0	   67.8966277162
25	   23405601333.1	   25243343255.6	               0	    7.2801051108
26	   25243343255.6	   27693053082.4	               0	   8.84593626946
27	   27693053082.4	   48317472766.5	               0	   42.6852202801
28	   48317472766.5	1.69421567251e+15	               0	    99.997148092
29	1.69421567251e+15	6.89831461733e+15	               0	   75.4401507254
30	6.89831461733e+15	8.49271013752e+15	               0	    18.773695256
31	8.49271013752e+15	8.9001679977e+15	               0	   4.57809178746
32	8.9001679977e+15	1.08624382472e+16	               0	   18.0647310007
33	1.08624382472e+16	1.06900146557e+18	               0	   98.9838705935
34	1.06900146557e+18	7.1366605475e+20	               0	   99.8502098484
35	7.1366605475e+20	1.1658825681e+21	               0	   38.7874838961
36	1.1658825681e+21	1.34323144511e+21	               0	   13.2031510767
37	1.34323144511e+21	2.66272915393e+21	               0	   49.5543343895
38	2.66272915393e+21	 4.996657298e+21	               0	   46.7097902632
39	 4.996657298e+21	1.12269083572e+24	               0	    99.554939157
40	1.12269083572e+24	1.57467353262e+24	               0	   28.7032637267
41	1.57467353262e+24	6.53450962886e+24	               0	   75.9021927878
42	6.53450962886e+24	9.47971315165e+24	               0	   31.0684877873
43	9.47971315165e+24	1.00640898359e+25	               0	   5.80655274081
44	1.00640898359e+25	1.02614872214e+25	               0	    1.9236722832
45	1.02614872214e+25	1.22514902538e+25	               0	   16.2429467045
46	1.22514902538e+25	2.42116632226e+25	               0	   49.3983947275
47	2.42116632226e+25	5.69694738454e+25	               0	   57.5006374671
48	5.69694738454e+25	3.78661483053e+26	               0	   84.9550386308
49	3.78661483053e+26	3.88840492075e+27	               0	   90.2617785243
50	3.88840492075e+27	6.90980581318e+28	               0	   94.3726277903

1	              14	   14.1287125895	               0	  0.911000126343
2	   14.1287125895	   14.1212679493	               0	 0.0527193466253
3	   14.1212679493	   14.1089377644	               0	 0.0873927232398
4	   14.1089377644	   14.0919502834	               0	  0.120547409199
5	   14.0919502834	   14.0755537438	               0	  0.116489481665
6	   14.0755537438	   14.0674314044	               0	 0.0577386104484
7	   14.0674314044	   14.0662155599	               0	0.00864372132079
8	   14.0662155599	   14.0661939195	               0	0.000153847534801
9	   14.0661939195	   14.0661939128	               0	4.70964984685e-08

1	              17	   18.1063807908	               0	   6.11044693924
2	   18.1063807908	   40.6367332704	               0	   55.4433160994
3	   40.6367332704	   995.238010275	               0	   95.9168829113
4	   995.238010275	   2741.30143467	               0	   63.6946890376
5	   2741.30143467	   2938.45692609	               0	   6.70949060607
6	   2938.45692609	   3827.45585852	               0	   23.2268892259
7	   3827.45585852	   5432.71825316	               0	   29.5480516352
8	   5432.71825316	   8789.56144399	               0	   38.1912477912
9	   8789.56144399	   26420.8235676	               0	   66.7324471491
10	   26420.8235676	   30678047.1393	               0	    99.913877101
11	   30678047.1393	   45481770.5148	               0	   32.5486963412
12	   45481770.5148	   136351031.637	               0	   66.6436183366
13	   136351031.637	   165863418.231	               0	   17.7931860497
14	   165863418.231	   405808355.958	               0	   59.1276483601
15	   405808355.958	   446278392.296	               0	   9.06833874034
16	   446278392.296	   849456848.696	               0	   47.4630885628
17	   849456848.696	   3156050162.19	               0	   73.0848115511
18	   3156050162.19	   48483568683.1	               0	   93.4904747156
19	   48483568683.1	     78198634673	               0	   37.9994690626
20	     78198634673	   78199043311.3	               0	0.000522561772972
21	   78199043311.3	    654774783247	               0	   88.0571082894
22	    654774783247	1.51754175917e+12	               0	   56.8529314406
23	1.51754175917e+12	1.52624674965e+12	               0	  0.570352761027
24	1.52624674965e+12	1.96450490466e+12	               0	   22.3088348607
25	1.96450490466e+12	4.02709468136e+13	               0	   95.1217811845
26	4.02709468136e+13	5.74866016189e+15	               0	   99.2994724739
27	5.74866016189e+15	6.11986154774e+15	               0	   6.06551934155
28	6.11986154774e+15	6.45495017048e+15	               0	   5.19118837317
29	6.45495017048e+15	7.85367761364e+16	               0	   91.7809840332
30	7.85367761364e+16	4.50045859291e+19	               0	   99.8254916149
31	4.50045859291e+19	5.09805429172e+19	               0	    11.722034812
32	5.09805429172e+19	9.49609683272e+20	               0	   94.6314213286
33	9.49609683272e+20	9.58078320926e+20	               0	  0.883919139929
34	9.58078320926e+20	1.86143828495e+21	               0	   48.5302129716
35	1.86143828495e+21	1.8641908989e+21	               0	  0.147657300327
36	1.8641908989e+21	6.70415508831e+21	               0	   72.1934997872
37	6.70415508831e+21	1.7800008101e+22	               0	   62.3362245103
38	1.7800008101e+22	4.47750491263e+22	               0	   60.2456983334
39	4.47750491263e+22	7.16770358227e+22	               0	   37.5322254717
40	7.16770358227e+22	1.94119823847e+23	               0	   63.0758804525
41	1.94119823847e+23	6.93878563188e+23	               0	   72.0239485487
42	6.93878563188e+23	8.00862372585e+24	               0	   91.3358576087
43	8.00862372585e+24	1.86016986413e+26	               0	   95.6946815018
44	1.86016986413e+26	4.17070899007e+26	               0	   55.3991930735
45	4.17070899007e+26	9.49709797451e+26	               0	    56.084384922
46	9.49709797451e+26	1.3329025545e+27	               0	   28.7487450419
47	1.3329025545e+27	3.03912110958e+27	               0	   56.1418414587
48	3.03912110958e+27	7.14035505168e+27	               0	   57.4373950933
49	7.14035505168e+27	1.27311050514e+28	               0	   43.9140984002
50	1.27311050514e+28	3.77969898479e+28	               0	   66.3171456177
