1	               4	             4.4	   4.73894679295	             100
2	             4.4	   4.73894679295	   4.38924353526	   7.96727852705
3	   4.73894679295	   4.38924353526	   4.37727006757	  0.273537330439
4	   4.38924353526	   4.37727006757	   4.55287508855	    3.8570138112
5	   4.37727006757	   4.55287508855	   4.46071937462	   2.06593838758
6	   4.55287508855	   4.46071937462	   4.48429031356	  0.525633651937
7	   4.46071937462	   4.48429031356	   4.49482436168	  0.234359504789
8	   4.48429031356	   4.49482436168	   4.49334854019	 0.0328445806128
9	   4.49482436168	   4.49334854019	   4.49340905151	0.00134666832986
10	   4.49334854019	   4.49340905151	   4.49340945803	9.04694394521e-06

1	             7.5	             7.9	   7.42274345608	             100
2	             7.9	   7.42274345608	   7.31992231823	   1.40467525997
3	   7.42274345608	   7.31992231823	   8.84474204138	    17.239843921
4	   7.31992231823	   8.84474204138	   5.10261811254	    73.337330882
5	   8.84474204138	   5.10261811254	  -9.23617654641	   155.246000192
6	   5.10261811254	  -9.23617654641	  -1.26649804811	   629.268912826
7	  -9.23617654641	  -1.26649804811	  -2.61367356238	   51.5433730386
8	  -1.26649804811	  -2.61367356238	  -1.77162425374	   47.5297911989
9	  -2.61367356238	  -1.77162425374	  -3.38562455971	   47.6721584896
10	  -1.77162425374	  -3.38562455971	  -4.81278955081	   29.6535922884
11	  -3.38562455971	  -4.81278955081	  -2.99981256473	   60.4363421701
12	  -4.81278955081	  -2.99981256473	  -2.50852655194	   19.5846447152
13	  -2.99981256473	  -2.50852655194	  -18.4700458577	   86.4184064768
14	  -2.50852655194	  -18.4700458577	  0.803325552129	   2399.19810327
15	  -18.4700458577	  0.803325552129	   1.04449239515	   23.0893823774
16	  0.803325552129	   1.04449239515	  0.676551242003	   54.3848167442
17	   1.04449239515	  0.676551242003	   0.59203326892	   14.2758823736
18	  0.676551242003	   0.59203326892	  0.444021349507	   33.3344150179
19	   0.59203326892	  0.444021349507	  0.347911861438	    27.624665532
20	  0.444021349507	  0.347911861438	  0.264161740077	   31.7041072402
21	  0.347911861438	  0.264161740077	  0.201371543773	   31.1812657974
22	  0.264161740077	  0.201371543773	  0.152492487465	   32.0534192342
23	  0.201371543773	  0.152492487465	  0.115433730886	   32.1039234329
24	  0.152492487465	  0.115433730886	 0.0872446278688	    32.310416934
25	  0.115433730886	 0.0872446278688	 0.0659143672315	   32.3605634601
26	 0.0872446278688	 0.0659143672315	 0.0497783850018	   32.4156403009
27	 0.0659143672315	 0.0497783850018	 0.0375864796429	   32.4369440148
28	 0.0497783850018	 0.0375864796429	 0.0283772176415	   32.4530125461
29	 0.0375864796429	 0.0283772176415	 0.0214231269364	   32.4606707776
30	 0.0283772176415	 0.0214231269364	 0.0161725944762	   32.4656162489
31	 0.0214231269364	 0.0161725944762	 0.0122086606434	   32.4682121046
32	 0.0161725944762	 0.0122086606434	0.00921618567327	   32.4697773702
33	 0.0122086606434	0.00921618567327	0.00695715361958	   32.4706363725
34	0.00921618567327	0.00695715361958	0.00525182593974	   32.4711385983
35	0.00695715361958	0.00525182593974	0.00396449735612	   32.4714199048
36	0.00525182593974	0.00396449735612	0.00299271533829	   32.4715820912
37	0.00396449735612	0.00299271533829	0.00225913604987	   32.4716737828
38	0.00299271533829	0.00225913604987	0.00170537224257	   32.4717263176
39	0.00225913604987	0.00170537224257	0.00128734780321	   32.4717561422
40	0.00170537224257	0.00128734780321	0.000971790270701	    32.471773182
41	0.00128734780321	0.000971790270701	0.000733582842816	   32.4717828693
42	0.000971790270701	0.000733582842816	0.000553765334865	   32.4717884327
43	0.000733582842816	0.000553765334865	0.000418025096778	   32.4717915581
44	0.000553765334865	0.000418025096778	0.000315557815293	   32.4717932879
45	0.000418025096778	0.000315557815293	0.000238207549358	   32.4717945097
46	0.000315557815293	0.000238207549358	0.000179817559957	   32.4717949765
47	0.000238207549358	0.000179817559957	0.000135740261003	   32.4717947556
48	0.000179817559957	0.000135740261003	0.00010246729125	   32.4717959725
49	0.000135740261003	0.00010246729125	7.73502697234e-05	   32.4717956598
50	0.00010246729125	7.73502697234e-05	5.83899914736e-05	   32.4717948594

1	            10.5	            10.9	   10.9229212004	             100
2	            10.9	   10.9229212004	   10.9032704524	  0.180228016582
3	   10.9229212004	   10.9032704524	   10.9039458956	0.00619448483335
4	   10.9032704524	   10.9039458956	   10.9041233046	0.00162698997079
5	   10.9039458956	   10.9041233046	   10.9041216562	1.5117076562e-05

1	              14	            14.4	   13.7621609574	             100
2	            14.4	   13.7621609574	   12.7240602102	   8.15856519088
3	   13.7621609574	   12.7240602102	   22.4341454962	   43.2826170611
4	   12.7240602102	   22.4341454962	 -0.262877550991	     8634.066683
5	   22.4341454962	 -0.262877550991	 -0.269316022241	   2.39067516152
6	 -0.262877550991	 -0.269316022241	 -0.179054243296	   50.4102987363
7	 -0.269316022241	 -0.179054243296	 -0.142355464283	   25.7796770907
8	 -0.179054243296	 -0.142355464283	  -0.10563515919	   34.7614424732
9	 -0.142355464283	  -0.10563515919	-0.0804211203251	   31.3525088465
10	  -0.10563515919	-0.0804211203251	-0.0605762998628	   32.7600406549
11	-0.0804211203251	-0.0605762998628	-0.0457948817698	   32.2774456922
12	-0.0605762998628	-0.0457948817698	-0.0345624510061	   32.4989415874
13	-0.0457948817698	-0.0345624510061	-0.0260978444794	   32.4341212678
14	-0.0345624510061	-0.0260978444794	-0.0197008317292	   32.4707750319
15	-0.0260978444794	-0.0197008317292	-0.0148726670094	   32.4633417582
16	-0.0197008317292	-0.0148726670094	-0.0112271957306	   32.4700073489
17	-0.0148726670094	-0.0112271957306	-0.00847529909985	   32.4696107867
18	-0.0112271957306	-0.00847529909985	-0.0063978524722	   32.4709992406
19	-0.00847529909985	-0.0063978524722	-0.00482961878419	   32.4711692181
20	-0.0063978524722	-0.00482961878419	-0.00364577935381	   32.4715051431
21	-0.00482961878419	-0.00364577935381	-0.0027521213814	   32.4716045757
22	-0.00364577935381	-0.0027521213814	-0.00207751651959	   32.4716966363
23	-0.0027521213814	-0.00207751651959	-0.0015682715351	     32.47173548
24	-0.00207751651959	-0.0015682715351	-0.00118385345035	   32.4717628389
25	-0.0015682715351	-0.00118385345035	-0.000893664659814	   32.4717764483
26	-0.00118385345035	-0.000893664659814	-0.000674607547859	   32.4717849141
27	-0.000893664659814	-0.000674607547859	-0.000509246195218	   32.4717895184
28	-0.000674607547859	-0.000509246195218	-0.000384418589632	   32.4717921955
29	-0.000509246195218	-0.000384418589632	-0.000290189012132	   32.4717937481
30	-0.000384418589632	-0.000290189012132	-0.000219057205871	   32.4717947437
31	-0.000290189012132	-0.000219057205871	-0.000165361393838	   32.4717945261
32	-0.000219057205871	-0.000165361393838	-0.000124827623134	   32.4717956546
33	-0.000165361393838	-0.000124827623134	-9.42295841066e-05	   32.4717967473
34	-0.000124827623134	-9.42295841066e-05	-7.11318099575e-05	    32.471793088
35	-9.42295841066e-05	-7.11318099575e-05	-5.36958138703e-05	   32.4717977631
36	-7.11318099575e-05	-5.36958138703e-05	-4.05337695453e-05	   32.4717993728
37	-5.36958138703e-05	-4.05337695453e-05	-3.05980408497e-05	   32.4717806096
38	-4.05337695453e-05	-3.05980408497e-05	-2.30977772485e-05	   32.4717981327
39	-3.05980408497e-05	-2.30977772485e-05	-1.74359929812e-05	    32.471820064
40	-2.30977772485e-05	-1.74359929812e-05	-1.31620444364e-05	   32.4717680862
41	-1.74359929812e-05	-1.31620444364e-05	-9.9357345948e-06	   32.4717796238
42	-1.31620444364e-05	-9.9357345948e-06	-7.5002628087e-06	   32.4718192979
43	-9.9357345948e-06	-7.5002628087e-06	-5.66178356112e-06	   32.4717331161
44	-7.5002628087e-06	-5.66178356112e-06	-4.27395178709e-06	   32.4718631178
45	-5.66178356112e-06	-4.27395178709e-06	-3.22632634254e-06	    32.471155529
46	-4.27395178709e-06	-3.22632634254e-06	-2.43547594697e-06	    32.472108647
47	-3.22632634254e-06	-2.43547594697e-06	-1.83847893477e-06	   32.4723335634
48	-2.43547594697e-06	-1.83847893477e-06	-1.38780562305e-06	   32.4738064347
49	-1.83847893477e-06	-1.38780562305e-06	-1.04757718823e-06	   32.4776482964
50	-1.38780562305e-06	-1.04757718823e-06	-7.90774241174e-07	   32.4748750885

1	              17	            17.5	   16.1998667635	             100
2	            17.5	   16.1998667635	   12.9579870533	   25.0183897918
3	   16.1998667635	   12.9579870533	 -0.081335922354	   16031.4441618
4	   12.9579870533	 -0.081335922354	-0.0815228467133	   0.22929076553
5	 -0.081335922354	-0.0815228467133	-0.0543342007133	   50.0396539251
6	-0.0815228467133	-0.0543342007133	-0.0429232559955	   26.5845273226
7	-0.0543342007133	-0.0429232559955	 -0.031836560823	   34.8237839952
8	-0.0429232559955	 -0.031836560823	-0.0241988133568	   31.5624876047
9	 -0.031836560823	-0.0241988133568	-0.0182204458869	   32.8113126701
10	-0.0241988133568	-0.0182204458869	-0.0137685320319	   32.3339760888
11	-0.0182204458869	-0.0137685320319	-0.0103897314501	   32.5205766681
12	-0.0137685320319	-0.0103897314501	-0.00784423297163	   32.4505721296
13	-0.0103897314501	-0.00784423297163	-0.00592113385528	   32.4785617646
14	-0.00784423297163	-0.00592113385528	-0.00446984651596	   32.4683931347
15	-0.00592113385528	-0.00446984651596	-0.00337416555524	   32.4726496901
16	-0.00446984651596	-0.00337416555524	-0.00254709352772	   32.4712076144
17	-0.00337416555524	-0.00254709352772	-0.00192274287958	   32.4718741529
18	-0.00254709352772	-0.00192274287958	-0.00145143691163	   32.4716812816
19	-0.00192274287958	-0.00145143691163	-0.00109565734154	   32.4717917372
20	-0.00145143691163	-0.00109565734154	-0.000827087418291	   32.4717698886
21	-0.00109565734154	-0.000827087418291	-0.000624349846726	   32.4717900755
22	-0.000827087418291	-0.000624349846726	-0.000471307779199	   32.4717889841
23	-0.000624349846726	-0.000471307779199	-0.000355779722947	   32.4717933039
24	-0.000471307779199	-0.000355779722947	-0.000268570170753	   32.4717938516
25	-0.000355779722947	-0.000268570170753	-0.000202737624947	   32.4717949236
26	-0.000268570170753	-0.000202737624947	-0.000153042105916	   32.4717950875
27	-0.000202737624947	-0.000153042105916	-0.000115528067625	   32.4717958691
28	-0.000153042105916	-0.000115528067625	-8.72095590809e-05	   32.4717941967
29	-0.000115528067625	-8.72095590809e-05	-6.58325472309e-05	   32.4717981442
30	-8.72095590809e-05	-6.58325472309e-05	-4.96955203689e-05	   32.4717937195
31	-6.58325472309e-05	-4.96955203689e-05	-3.75140391402e-05	   32.4717932483
32	-4.96955203689e-05	-3.75140391402e-05	-2.83185093126e-05	   32.4718004259
33	-3.75140391402e-05	-2.83185093126e-05	-2.13770103327e-05	   32.4717950356
34	-2.83185093126e-05	-2.13770103327e-05	-1.61370239369e-05	   32.4718263805
35	-2.13770103327e-05	-1.61370239369e-05	-1.21814902314e-05	   32.4716732553
36	-1.61370239369e-05	-1.21814902314e-05	-9.19552662622e-06	   32.4719151659
37	-1.21814902314e-05	-9.19552662622e-06	-6.94150914143e-06	   32.4715769853
38	-9.19552662622e-06	-6.94150914143e-06	-5.23996922806e-06	   32.4723264452
39	-6.94150914143e-06	-5.23996922806e-06	-3.95556259461e-06	   32.4708964332
40	-5.23996922806e-06	-3.95556259461e-06	-2.98593770033e-06	   32.4730450395
41	-3.95556259461e-06	-2.98593770033e-06	-2.25404712755e-06	   32.4700652368
42	-2.98593770033e-06	-2.25404712755e-06	-1.70146637346e-06	   32.4767366965
43	-2.25404712755e-06	-1.70146637346e-06	-1.2844222653e-06	   32.4693926151
44	-1.70146637346e-06	-1.2844222653e-06	-9.69515261046e-07	   32.4808713086
45	-1.2844222653e-06	-9.69515261046e-07	-7.31802714434e-07	   32.4831463349
46	-9.69515261046e-07	-7.31802714434e-07	-5.52501197001e-07	   32.4526930268
47	-7.31802714434e-07	-5.52501197001e-07	-4.17068614133e-07	   32.4724945199
48	-5.52501197001e-07	-4.17068614133e-07	-3.14766646577e-07	   32.5008919044
49	-4.17068614133e-07	-3.14766646577e-07	-2.37942180521e-07	   32.2870311976
50	-3.14766646577e-07	-2.37942180521e-07	-1.79112634441e-07	   32.8450007244
