Executa todos os metodos

Bissecao (1.2, 1.4)

1	             1.2	             1.4	             1.3	   7.69230769231
2	             1.3	             1.4	            1.35	    3.7037037037
3	            1.35	             1.4	           1.375	   1.81818181818
4	           1.375	             1.4	          1.3875	  0.900900900901
5	          1.3875	             1.4	         1.39375	  0.448430493274
6	         1.39375	             1.4	        1.396875	  0.223713646532
7	        1.396875	             1.4	       1.3984375	  0.111731843575
8	       1.3984375	             1.4	      1.39921875	 0.0558347292016
9	      1.39921875	             1.4	     1.399609375	 0.0279095729835
10	     1.399609375	             1.4	    1.3998046875	 0.0139528394028
11	    1.3998046875	             1.4	   1.39990234375	0.00697593303104
12	   1.39990234375	             1.4	   1.39995117188	0.00348784486067
13	   1.39995117188	             1.4	   1.39997558594	0.00174389201821
14	   1.39997558594	             1.4	   1.39998779297	0.000871938406258
15	   1.39998779297	             1.4	   1.39999389648	0.000435967302446
16	   1.39999389648	             1.4	   1.39999694824	0.000217983176071
17	   1.39999694824	             1.4	   1.39999847412	0.000108991469244
18	   1.39999847412	             1.4	   1.39999923706	5.44957049083e-05
RESULTADO (18, 1.39999923706)

Bissecao (4.39159265359, 4.59159265359)

1	   4.39159265359	   4.59159265359	   4.49159265359	   2.22638176951
2	   4.49159265359	   4.59159265359	   4.54159265359	   1.10093537254
3	   4.49159265359	   4.54159265359	   4.51659265359	   0.55351460531
4	   4.49159265359	   4.51659265359	   4.50409265359	  0.277525374396
5	   4.49159265359	   4.50409265359	   4.49784265359	  0.138955505591
6	   4.49159265359	   4.49784265359	   4.49471765359	 0.0695260579383
7	   4.49159265359	   4.49471765359	   4.49315515359	 0.0347751178535
8	   4.49315515359	   4.49471765359	   4.49393640359	 0.0173845361802
9	   4.49315515359	   4.49393640359	   4.49354577859	0.00869302371105
10	   4.49315515359	   4.49354577859	   4.49335046609	0.00434670078539
11	   4.49335046609	   4.49354577859	   4.49344812234	0.00217330315919
12	   4.49335046609	   4.49344812234	   4.49339929421	0.00108666338783
13	   4.49339929421	   4.49344812234	   4.49342370828	0.000543328741838
14	   4.49339929421	   4.49342370828	   4.49341150125	0.000271665108936
15	   4.49339929421	   4.49341150125	   4.49340539773	0.000135832738963
16	   4.49340539773	   4.49341150125	   4.49340844949	6.79163233455e-05
RESULTADO (16, 4.49340844949)

Bissecao (7.58318530718, 7.78318530718)

1	   7.58318530718	   7.78318530718	   7.68318530718	   1.30154351355
2	   7.68318530718	   7.78318530718	   7.73318530718	  0.646564100224
3	   7.68318530718	   7.73318530718	   7.70818530718	  0.324330552571
4	   7.70818530718	   7.73318530718	   7.72068530718	  0.161902726282
5	   7.72068530718	   7.73318530718	   7.72693530718	 0.0808858849147
6	   7.72068530718	   7.72693530718	   7.72381030718	  0.040459305391
7	   7.72381030718	   7.72693530718	   7.72537280718	 0.0202255611347
8	   7.72381030718	   7.72537280718	   7.72459155718	 0.0101138033541
9	   7.72459155718	   7.72537280718	   7.72498218218	0.00505664596743
10	   7.72498218218	   7.72537280718	   7.72517749468	0.00252825906116
11	   7.72517749468	   7.72537280718	   7.72527515093	0.00126411355054
12	   7.72517749468	   7.72527515093	    7.7252263228	0.000632060770248
13	    7.7252263228	   7.72527515093	   7.72525073687	0.000316029386375
14	   7.72525073687	   7.72527515093	    7.7252629439	0.000158014443501
15	   7.72525073687	    7.7252629439	   7.72525684038	7.90072841664e-05
RESULTADO (15, 7.72525684038)

Bissecao (10.7747779608, 10.9747779608)

1	   10.7747779608	   10.9747779608	   10.8747779608	   0.91955900489
2	   10.8747779608	   10.9747779608	   10.9247779608	  0.457675205661
3	   10.8747779608	   10.9247779608	   10.8997779608	   0.22936247041
4	   10.8997779608	   10.9247779608	   10.9122779608	  0.114549868001
5	   10.8997779608	   10.9122779608	   10.9060279608	 0.0573077569807
6	   10.8997779608	   10.9060279608	   10.9029029608	 0.0286620912911
7	   10.9029029608	   10.9060279608	   10.9044654608	 0.0143289921512
8	   10.9029029608	   10.9044654608	   10.9036842108	0.00716500941241
9	   10.9036842108	   10.9044654608	   10.9040748358	0.00358237636741
10	   10.9040748358	   10.9044654608	   10.9042701483	0.00179115610073
11	   10.9040748358	   10.9042701483	    10.904172492	0.000895586071037
12	   10.9040748358	    10.904172492	   10.9041236639	0.000447795040722
13	   10.9040748358	   10.9041236639	   10.9040992498	0.000223898021655
14	   10.9040992498	   10.9041236639	   10.9041114569	0.000111948885494
15	   10.9041114569	   10.9041236639	   10.9041175604	5.59744114236e-05
RESULTADO (15, 10.9041175604)

Bissecao (13.9663706144, 14.1663706144)

1	   13.9663706144	   14.1663706144	   14.0663706144	  0.710915436125
2	   13.9663706144	   14.0663706144	   14.0163706144	  0.356725727192
3	   14.0163706144	   14.0663706144	   14.0413706144	  0.178045296906
4	   14.0413706144	   14.0663706144	   14.0538706144	 0.0889434686216
5	   14.0538706144	   14.0663706144	   14.0601206144	 0.0444519657507
6	   14.0601206144	   14.0663706144	   14.0632456144	 0.0222210440299
7	   14.0632456144	   14.0663706144	   14.0648081144	 0.0111092877151
8	   14.0648081144	   14.0663706144	   14.0655893644	0.00555433533401
9	   14.0655893644	   14.0663706144	   14.0659799894	0.00277709054254
10	   14.0659799894	   14.0663706144	   14.0661753019	0.00138852599095
11	   14.0661753019	   14.0663706144	   14.0662729581	0.000694258175504
12	   14.0661753019	   14.0662729581	     14.06622413	0.000347130292748
13	   14.0661753019	     14.06622413	   14.0661997159	0.000173565447617
14	   14.0661753019	   14.0661997159	   14.0661875089	8.67827991147e-05
RESULTADO (14, 14.0661875089)

Falsa Posicao (1.2, 1.4)

1	             1.2	             1.4	   1.10930118201	   8.17621214708
2	   1.10930118201	             1.4	   1.03434722484	   7.24649860006
3	   1.03434722484	             1.4	  0.971226931169	   6.49902629823
4	  0.971226931169	             1.4	  0.917239229418	   5.88589105434
5	  0.917239229418	             1.4	  0.870456937488	   5.37445218882
6	  0.870456937488	             1.4	  0.829466784653	   4.94174734828
7	  0.829466784653	             1.4	  0.793207843747	   4.57117780561
8	  0.793207843747	             1.4	  0.760867466383	   4.25046132116
9	  0.760867466383	             1.4	  0.731812156253	   3.97032351561
10	  0.731812156253	             1.4	  0.705540400978	   3.72363584551
11	  0.705540400978	             1.4	  0.681649719279	   3.50483261763
12	  0.681649719279	             1.4	   0.65981315387	    3.3095074386
13	   0.65981315387	             1.4	   0.63976218779	   3.13412803429
14	   0.63976218779	             1.4	  0.621274120207	   2.97583095481
15	  0.621274120207	             1.4	  0.604162596346	   2.83227130645
16	  0.604162596346	             1.4	  0.588270406069	   2.70151109301
17	  0.588270406069	             1.4	  0.573463939313	    2.5819351038
18	  0.573463939313	             1.4	  0.559628868537	   2.47218675683
19	  0.559628868537	             1.4	   0.54666675151	   2.37111860045
20	   0.54666675151	             1.4	  0.534492332519	   2.27775372069
21	  0.534492332519	             1.4	  0.523031379391	   2.19125535854
22	  0.523031379391	             1.4	  0.512218935664	    2.1109027751
23	  0.512218935664	             1.4	  0.501997897437	    2.0360719196
24	  0.501997897437	             1.4	  0.492317846345	   1.96621982402
25	  0.492317846345	             1.4	   0.48313408619	   1.90087191469
26	   0.48313408619	             1.4	  0.474406842757	   1.83961162577
27	  0.474406842757	             1.4	  0.466100595289	   1.78207184287
28	  0.466100595289	             1.4	  0.458183514903	   1.72792781248
29	  0.458183514903	             1.4	  0.450626990407	   1.67689123309
30	  0.450626990407	             1.4	  0.443405225968	   1.62870530512
31	  0.443405225968	             1.4	  0.436494898179	   1.58314056332
32	  0.436494898179	             1.4	  0.429874862474	   1.53999135148
33	  0.429874862474	             1.4	   0.42352590078	   1.49907282718
34	   0.42352590078	             1.4	  0.417430503732	   1.46021840601
35	  0.417430503732	             1.4	  0.411572682055	   1.42327757214
36	  0.411572682055	             1.4	  0.405937802604	   1.38811399551
37	  0.405937802604	             1.4	  0.400512445372	   1.35460390677
38	  0.400512445372	             1.4	  0.395284278382	   1.32263468991
39	  0.395284278382	             1.4	  0.390241947893	   1.29210365932
40	  0.390241947893	             1.4	  0.385374981759	   1.26291699379
41	  0.385374981759	             1.4	  0.380673704131	    1.2349888045
42	  0.380673704131	             1.4	  0.376129159973	   1.20824031781
43	  0.376129159973	             1.4	  0.371733048082	   1.18259915665
44	  0.371733048082	             1.4	  0.367477661513	   1.15799870709
45	  0.367477661513	             1.4	  0.363355834469	   1.13437755841
46	  0.363355834469	             1.4	  0.359360894842	   1.11167900703
47	  0.359360894842	             1.4	  0.355486621706	   1.08985061594
48	  0.355486621706	             1.4	  0.351727207179	   1.06884382259
49	  0.351727207179	             1.4	  0.348077222128	   1.04861358902
50	  0.348077222128	             1.4	  0.344531585261	    1.0291180892
51	  0.344531585261	             1.4	   0.34108553524	   1.01031842895
52	   0.34108553524	             1.4	  0.337734605454	  0.992178394513
53	  0.337734605454	             1.4	  0.334474601169	  0.974664226574
54	  0.334474601169	             1.4	  0.331301578796	  0.957744416637
55	  0.331301578796	             1.4	  0.328211827042	  0.941389523301
56	  0.328211827042	             1.4	  0.325201849757	  0.925572006183
57	  0.325201849757	             1.4	  0.322268350292	  0.910266075551
58	  0.322268350292	             1.4	  0.319408217217	  0.895447555971
59	  0.319408217217	             1.4	  0.316618511264	  0.881093762459
60	  0.316618511264	             1.4	  0.313896453365	  0.867183387827
61	  0.313896453365	             1.4	  0.311239413695	  0.853696400073
62	  0.311239413695	             1.4	    0.3086449016	  0.840613948772
63	    0.3086449016	             1.4	  0.306110556348	   0.82791827957
64	  0.306110556348	             1.4	  0.303634138613	  0.815592655982
65	  0.303634138613	             1.4	  0.301213522623	  0.803621287768
66	  0.301213522623	             1.4	  0.298846688927	  0.791989265251
67	  0.298846688927	             1.4	  0.296531717703	  0.780682499023
68	  0.296531717703	             1.4	  0.294266782577	  0.769687664522
69	  0.294266782577	             1.4	    0.2920501449	  0.758992151027
70	    0.2920501449	             1.4	  0.289880148447	  0.748584014672
71	  0.289880148447	             1.4	  0.287755214497	  0.738451935111
72	  0.287755214497	             1.4	  0.285673837269	  0.728585175515
73	  0.285673837269	             1.4	  0.283634579675	  0.718973545588
74	  0.283634579675	             1.4	  0.281636069377	  0.709607367371
75	  0.281636069377	             1.4	  0.279676995112	  0.700477443559
76	  0.279676995112	             1.4	  0.277756103262	  0.691575028141
77	  0.277756103262	             1.4	  0.275872194669	  0.682891799161
78	  0.275872194669	             1.4	  0.274024121644	   0.67441983342
79	  0.274024121644	             1.4	  0.272210785189	  0.666151582964
80	  0.272210785189	             1.4	   0.27043113239	  0.658079853213
81	   0.27043113239	             1.4	  0.268684153979	  0.650197782594
82	  0.268684153979	             1.4	  0.266968882053	  0.642498823568
83	  0.266968882053	             1.4	  0.265284387934	  0.634976724934
84	  0.265284387934	             1.4	  0.263629780168	  0.627625515308
85	  0.263629780168	             1.4	  0.262004202635	  0.620439487702
86	  0.262004202635	             1.4	  0.260406832788	  0.613413185103
87	  0.260406832788	             1.4	  0.258836879986	   0.60654138698
88	  0.258836879986	             1.4	  0.257293583935	  0.599819096661
89	  0.257293583935	             1.4	  0.255776213216	  0.593241529504
90	  0.255776213216	             1.4	  0.254284063899	  0.586804101807
91	  0.254284063899	             1.4	  0.252816458239	  0.580502420407
92	  0.252816458239	             1.4	  0.251372743449	  0.574332272916
93	  0.251372743449	             1.4	   0.24995229053	  0.568289618554
94	   0.24995229053	             1.4	  0.248554493186	   0.56237057952
95	  0.248554493186	             1.4	  0.247178766782	  0.556571432894
96	  0.247178766782	             1.4	  0.245824547367	  0.550888603007
97	  0.245824547367	             1.4	  0.244491290751	  0.545318654251
98	  0.244491290751	             1.4	  0.243178471626	  0.539858284321
99	  0.243178471626	             1.4	  0.241885582742	  0.534504317825
100	  0.241885582742	             1.4	  0.240612134119	  0.529253700272
101	  0.240612134119	             1.4	  0.239357652304	   0.52410349239
102	  0.239357652304	             1.4	  0.238121679667	  0.519050864762
103	  0.238121679667	             1.4	  0.236903773729	  0.514093092762
104	  0.236903773729	             1.4	  0.235703506534	  0.509227551757
105	  0.235703506534	             1.4	  0.234520464036	  0.504451712587
106	  0.234520464036	             1.4	  0.233354245538	  0.499763137269
107	  0.233354245538	             1.4	  0.232204463137	  0.495159474946
108	  0.232204463137	             1.4	  0.231070741216	  0.490638458035
109	  0.231070741216	             1.4	  0.229952715943	   0.48619789859
110	  0.229952715943	             1.4	  0.228850034811	  0.481835684848
111	  0.228850034811	             1.4	  0.227762356184	  0.477549777948
112	  0.227762356184	             1.4	  0.226689348881	  0.473338208827
113	  0.226689348881	             1.4	  0.225630691762	  0.469199075266
114	  0.225630691762	             1.4	  0.224586073348	   0.46513053909
115	  0.224586073348	             1.4	  0.223555191453	  0.461130823498
116	  0.223555191453	             1.4	  0.222537752829	  0.457198210537
117	  0.222537752829	             1.4	  0.221533472835	   0.45333103869
118	  0.221533472835	             1.4	  0.220542075116	  0.449527700586
119	  0.220542075116	             1.4	  0.219563291296	  0.445786640821
120	  0.219563291296	             1.4	  0.218596860685	  0.442106353878
121	  0.218596860685	             1.4	  0.217642530006	  0.438485382152
122	  0.217642530006	             1.4	   0.21670005312	  0.434922314064
123	   0.21670005312	             1.4	  0.215769190778	  0.431415782265
124	  0.215769190778	             1.4	  0.214849710371	  0.427964461921
125	  0.214849710371	             1.4	    0.2139413857	  0.424567069081
126	    0.2139413857	             1.4	  0.213043996751	  0.421222359117
127	  0.213043996751	             1.4	   0.21215732948	   0.41792912523
128	   0.21215732948	             1.4	  0.211281175608	  0.414686197036
129	  0.211281175608	             1.4	  0.210415332424	  0.411492439199
130	  0.210415332424	             1.4	  0.209559602597	  0.408346750139
131	  0.209559602597	             1.4	  0.208713793994	  0.405248060789
132	  0.208713793994	             1.4	  0.207877719507	  0.402195333405
133	  0.207877719507	             1.4	  0.207051196885	  0.399187560435
134	  0.207051196885	             1.4	  0.206234048577	  0.396223763429
135	  0.206234048577	             1.4	  0.205426101573	  0.393302992001
136	  0.205426101573	             1.4	  0.204627187263	  0.390424322833
137	  0.204627187263	             1.4	   0.20383714129	   0.38758685872
138	   0.20383714129	             1.4	  0.203055803417	  0.384789727657
139	  0.203055803417	             1.4	  0.202283017394	  0.382032081962
140	  0.202283017394	             1.4	  0.201518630834	  0.379313097438
141	  0.201518630834	             1.4	  0.200762495088	  0.376631972568
142	  0.200762495088	             1.4	  0.200014465135	  0.373987927739
143	  0.200014465135	             1.4	  0.199274399463	  0.371380204507
144	  0.199274399463	             1.4	  0.198542159964	  0.368808064878
145	  0.198542159964	             1.4	  0.197817611834	  0.366270790633
146	  0.197817611834	             1.4	  0.197100623463	  0.363767682667
147	  0.197100623463	             1.4	   0.19639106635	  0.361298060362
148	   0.19639106635	             1.4	     0.195688815	  0.358861260978
149	     0.195688815	             1.4	  0.194993746844	  0.356456639077
150	  0.194993746844	             1.4	  0.194305742143	  0.354083565959
151	  0.194305742143	             1.4	  0.193624683913	  0.351741429128
152	  0.193624683913	             1.4	  0.192950457839	  0.349429631772
153	  0.192950457839	             1.4	    0.1922829522	  0.347147592266
154	    0.1922829522	             1.4	  0.191622057795	  0.344894743696
155	  0.191622057795	             1.4	  0.190967667869	  0.342670533396
156	  0.190967667869	             1.4	  0.190319678044	  0.340474422503
157	  0.190319678044	             1.4	  0.189677986253	  0.338305885535
158	  0.189677986253	             1.4	  0.189042492673	  0.336164409973
159	  0.189042492673	             1.4	  0.188413099663	  0.334049495871
160	  0.188413099663	             1.4	  0.187789711705	   0.33196065547
161	  0.187789711705	             1.4	  0.187172235343	   0.32989741283
162	  0.187172235343	             1.4	  0.186560579128	  0.327859303478
163	  0.186560579128	             1.4	  0.185954653562	  0.325845874062
164	  0.185954653562	             1.4	  0.185354371046	  0.323856682025
165	  0.185354371046	             1.4	  0.184759645829	  0.321891295284
166	  0.184759645829	             1.4	  0.184170393957	  0.319949291923
167	  0.184170393957	             1.4	  0.183586533229	  0.318030259896
168	  0.183586533229	             1.4	  0.183007983143	  0.316133796744
169	  0.183007983143	             1.4	   0.18243466486	  0.314259509315
170	   0.18243466486	             1.4	  0.181866501156	  0.312407013499
171	  0.181866501156	             1.4	  0.181303416377	   0.31057593397
172	  0.181303416377	             1.4	  0.180745336405	  0.308765903937
173	  0.180745336405	             1.4	  0.180192188614	  0.306976564902
174	  0.180192188614	             1.4	  0.179643901833	  0.305207566431
175	  0.179643901833	             1.4	  0.179100406309	  0.303458565928
176	  0.179100406309	             1.4	  0.178561633669	  0.301729228413
177	  0.178561633669	             1.4	   0.17802751689	  0.300019226319
178	   0.17802751689	             1.4	  0.177497990261	  0.298328239286
179	  0.177497990261	             1.4	  0.176972989351	  0.296655953962
180	  0.176972989351	             1.4	  0.176452450979	  0.295002063816
181	  0.176452450979	             1.4	  0.175936313182	  0.293366268953
182	  0.175936313182	             1.4	  0.175424515183	  0.291748275935
183	  0.175424515183	             1.4	  0.174916997368	  0.290147797611
184	  0.174916997368	             1.4	   0.17441370125	  0.288564552947
185	   0.17441370125	             1.4	   0.17391456945	  0.286998266865
186	   0.17391456945	             1.4	  0.173419545663	   0.28544867009
187	  0.173419545663	             1.4	  0.172928574638	  0.283915498993
188	  0.172928574638	             1.4	  0.172441602148	  0.282398495449
189	  0.172441602148	             1.4	   0.17195857497	  0.280897406689
190	   0.17195857497	             1.4	   0.17147944086	  0.279411985167
191	   0.17147944086	             1.4	   0.17100414853	  0.277941988426
192	   0.17100414853	             1.4	  0.170532647623	  0.276487178964
193	  0.170532647623	             1.4	  0.170064888697	  0.275047324114
194	  0.170064888697	             1.4	  0.169600823201	  0.273622195915
195	  0.169600823201	             1.4	  0.169140403451	  0.272211571002
196	  0.169140403451	             1.4	  0.168683582618	  0.270815230486
197	  0.168683582618	             1.4	  0.168230314702	  0.269432959841
198	  0.168230314702	             1.4	  0.167780554515	  0.268064548803
199	  0.167780554515	             1.4	  0.167334257666	  0.266709791259
200	  0.167334257666	             1.4	  0.166891380538	  0.265368485145
RESULTADO (200, 0.166891380538)

Falsa Posicao (4.39159265359, 4.59159265359)

1	   4.39159265359	   4.59159265359	   4.44656000516	   1.23617698855
2	   4.44656000516	   4.59159265359	    4.4719481018	  0.567718946343
3	    4.4719481018	   4.59159265359	   4.48359836774	  0.259841872177
4	   4.48359836774	   4.59159265359	   4.48892853104	  0.118740212924
5	   4.48892853104	   4.59159265359	   4.49136380898	 0.0542213467842
6	   4.49136380898	   4.59159265359	    4.4924757549	 0.0247512948383
7	    4.4924757549	   4.59159265359	   4.49298332278	 0.0112969011052
8	   4.49298332278	   4.59159265359	   4.49321498099	0.00515573381079
9	   4.49321498099	   4.59159265359	   4.49332070539	0.00235292367609
10	   4.49332070539	   4.59159265359	   4.49336895469	0.00107378885236
11	   4.49336895469	   4.59159265359	   4.49339097388	0.000490034961721
12	   4.49339097388	   4.59159265359	   4.49340102256	0.000223631990061
13	   4.49340102256	   4.59159265359	   4.49340560837	0.000102056387617
14	   4.49340560837	   4.59159265359	   4.49340770114	4.6574283461e-05
RESULTADO (14, 4.49340770114)

Falsa Posicao (7.58318530718, 7.78318530718)

1	   7.58318530718	   7.78318530718	   7.66049300955	   1.00917398232
2	   7.66049300955	   7.78318530718	   7.69584018168	  0.459302315232
3	   7.69584018168	   7.78318530718	   7.71191618929	  0.208456720921
4	   7.71191618929	   7.78318530718	   7.71920986583	 0.0944873460262
5	   7.71920986583	   7.78318530718	   7.72251534979	 0.0428032035538
6	   7.72251534979	   7.78318530718	   7.72401264006	 0.0193848759704
7	   7.72401264006	   7.78318530718	   7.72469071601	0.00877803366509
8	   7.72469071601	   7.78318530718	   7.72499776383	 0.0039747302054
9	   7.72499776383	   7.78318530718	   7.72513679541	0.00179972971781
10	   7.72513679541	   7.78318530718	   7.72519974774	0.000814895724008
11	   7.72519974774	   7.78318530718	   7.72522825174	0.00036897299327
12	   7.72522825174	   7.78318530718	   7.72524115794	0.000167065247734
13	   7.72524115794	   7.78318530718	   7.72524700166	7.56444736564e-05
RESULTADO (13, 7.72524700166)

Falsa Posicao (10.7747779608, 10.9747779608)

1	   10.7747779608	   10.9747779608	   10.8038847395	   0.26941030382
2	   10.8038847395	   10.9747779608	    10.826472728	  0.208636636752
3	    10.826472728	   10.9747779608	    10.843989391	  0.161533383391
4	    10.843989391	   10.9747779608	   10.8575657918	  0.125040925831
5	   10.8575657918	   10.9747779608	   10.8680837456	 0.0967783650672
6	   10.8680837456	   10.9747779608	   10.8762295338	 0.0748953323297
7	   10.8762295338	   10.9747779608	   10.8825365334	 0.0579552345745
8	   10.8825365334	   10.9747779608	   10.8874188461	 0.0448436199376
9	   10.8874188461	   10.9747779608	   10.8911977087	 0.0346964831458
10	   10.8911977087	   10.9747779608	   10.8941221608	  0.026844311472
11	   10.8941221608	   10.9747779608	   10.8963851766	 0.0207685010473
12	   10.8963851766	   10.9747779608	   10.8981362304	 0.0160674608206
13	   10.8981362304	   10.9747779608	   10.8994910679	 0.0124302823979
14	   10.8994910679	   10.9747779608	   10.9005392972	0.00961630604765
15	   10.9005392972	   10.9747779608	   10.9013502785	0.00743927400513
16	   10.9013502785	   10.9747779608	   10.9019776925	0.00575504815214
17	   10.9019776925	   10.9747779608	   10.9024630805	0.00445209448311
18	   10.9024630805	   10.9747779608	   10.9028385866	0.00344411357915
19	   10.9028385866	   10.9747779608	   10.9031290825	0.00266433459672
20	   10.9031290825	   10.9747779608	   10.9033538113	0.00206109816041
21	   10.9033538113	   10.9747779608	   10.9035276612	 0.0015944375496
22	   10.9035276612	   10.9747779608	   10.9036621506	  0.001233432879
23	   10.9036621506	   10.9747779608	   10.9037661904	0.000954163690229
24	   10.9037661904	   10.9747779608	   10.9038466744	0.00073812472591
25	   10.9038466744	   10.9747779608	   10.9039089357	0.000571000169218
26	   10.9039089357	   10.9747779608	   10.9039571001	0.000441715279928
27	   10.9039571001	   10.9747779608	   10.9039943594	0.000341702674802
28	   10.9039943594	   10.9747779608	   10.9040231825	0.000264334686637
29	   10.9040231825	   10.9747779608	   10.9040454796	0.000204484218463
30	   10.9040454796	   10.9747779608	   10.9040627282	0.000158185011098
31	   10.9040627282	   10.9747779608	   10.9040760713	0.000122368822295
32	   10.9040760713	   10.9747779608	   10.9040863934	9.46621071566e-05
RESULTADO (32, 10.9040863934)

Falsa Posicao (13.9663706144, 14.1663706144)

1	   13.9663706144	   14.1663706144	   13.9257621016	  0.291607112511
2	   13.9257621016	   14.1663706144	   13.8687887615	  0.410802565633
3	   13.8687887615	   14.1663706144	   13.7890054437	  0.578600960063
4	   13.7890054437	   14.1663706144	    13.677570961	  0.814724215179
5	    13.677570961	   14.1663706144	   13.5224882945	   1.14685006998
6	   13.5224882945	   14.1663706144	   13.3077155427	   1.61389647359
7	   13.3077155427	   14.1663706144	   13.0121990289	   2.27107280723
8	   13.0121990289	   14.1663706144	   12.6088291801	   3.19910630152
9	   12.6088291801	   14.1663706144	   12.0626051846	   4.52824234121
10	   12.0626051846	   14.1663706144	   11.3210537074	   6.55019838576
11	   11.3210537074	   14.1663706144	   10.1296910236	   11.7610959808
12	   10.1296910236	   14.1663706144	   9.17221945278	   10.4388210045
13	   9.17221945278	   14.1663706144	   7.96364977839	   15.1760776532
14	   7.96364977839	   14.1663706144	   4.59150195303	   73.4432405748
15	   4.59150195303	   14.1663706144	   5.26130146639	   12.7306811374
16	   5.26130146639	   14.1663706144	   3.78157872465	   39.1297616546
17	   3.78157872465	   14.1663706144	   3.08629838484	   22.5279688844
18	   3.08629838484	   14.1663706144	    2.3171465828	   33.1939208228
19	    2.3171465828	   14.1663706144	   1.42228654106	   62.9170013142
20	   1.42228654106	   14.1663706144	   2.67191002767	   46.7689208718
21	   2.67191002767	   14.1663706144	   1.86370938012	   43.3651649864
22	   1.86370938012	   14.1663706144	  0.389336650194	   378.688399664
23	  0.389336650194	   14.1663706144	  0.395295632573	   1.50747488412
24	  0.395295632573	   14.1663706144	  0.401542065755	   1.55561115879
25	  0.401542065755	   14.1663706144	  0.408100149864	   1.60697909842
26	  0.408100149864	   14.1663706144	  0.414997067637	    1.6619196402
27	  0.414997067637	   14.1663706144	  0.422263478501	     1.720823901
28	  0.422263478501	   14.1663706144	  0.429934117251	   1.78414283547
29	  0.429934117251	   14.1663706144	  0.438048524746	   1.85239922901
30	  0.438048524746	   14.1663706144	  0.446651946671	   1.92620271541
31	  0.446651946671	   14.1663706144	  0.455796448395	   2.00626875357
32	  0.455796448395	   14.1663706144	  0.465542310583	   2.09344284423
33	  0.465542310583	   14.1663706144	  0.475959793788	   2.18873176711
34	  0.475959793788	   14.1663706144	  0.487131394086	    2.2933443489
35	  0.487131394086	   14.1663706144	  0.499154761236	   2.40874535996
36	  0.499154761236	   14.1663706144	  0.512146524435	   2.53672778754
37	  0.512146524435	   14.1663706144	  0.526247382464	   2.67951129063
38	  0.526247382464	   14.1663706144	   0.54162898875	   2.83987870027
39	   0.54162898875	   14.1663706144	  0.558503438738	   3.02136904044
40	  0.558503438738	   14.1663706144	  0.577136621434	   3.22855663695
41	  0.577136621434	   14.1663706144	  0.597867467347	   3.46746512312
42	  0.597867467347	   14.1663706144	  0.621136481104	   3.74619982329
43	  0.621136481104	   14.1663706144	  0.647529439699	   4.07594728164
44	  0.647529439699	   14.1663706144	  0.677846959092	   4.47262010781
45	  0.677846959092	   14.1663706144	  0.713220543305	   4.95969788654
46	  0.713220543305	   14.1663706144	   0.75531766532	   5.57343273547
47	   0.75531766532	   14.1663706144	   0.80673165026	   6.37312108965
48	   0.80673165026	   14.1663706144	  0.871797468666	    7.4634098795
49	  0.871797468666	   14.1663706144	  0.958539824171	   9.04942635853
50	  0.958539824171	   14.1663706144	   1.08433232941	   11.6009180792
51	   1.08433232941	   14.1663706144	   1.29876527723	   16.5105236166
52	   1.29876527723	   14.1663706144	   1.87916075937	   30.8858877158
53	   1.87916075937	   14.1663706144	  0.457662648135	   310.599546856
54	  0.457662648135	   14.1663706144	  0.467534633008	    2.1114980958
55	  0.467534633008	   14.1663706144	  0.478093407753	   2.20851711681
56	  0.478093407753	   14.1663706144	  0.489424192229	    2.3151255405
57	  0.489424192229	   14.1663706144	  0.501628030989	   2.43284625393
58	  0.501628030989	   14.1663706144	  0.514825835003	    2.5635473429
59	  0.514825835003	   14.1663706144	  0.529163775821	   2.70954692531
60	  0.529163775821	   14.1663706144	  0.544820607237	   2.87375903333
61	  0.544820607237	   14.1663706144	  0.562017794002	   3.05990076276
62	  0.562017794002	   14.1663706144	  0.581033829879	   3.27279323495
63	  0.581033829879	   14.1663706144	  0.602224985607	   3.51881045029
64	  0.602224985607	   14.1663706144	  0.626056250214	   3.80656923379
65	  0.626056250214	   14.1663706144	  0.653149054814	   4.14802783542
66	  0.653149054814	   14.1663706144	  0.684357894901	   4.56030979101
67	  0.684357894901	   14.1663706144	  0.720899480714	   5.06888779792
68	  0.720899480714	   14.1663706144	  0.764583948748	   5.71349530756
69	  0.764583948748	   14.1663706144	  0.818261839807	   6.55998953489
70	  0.818261839807	   14.1663706144	  0.886780661347	   7.72669325412
71	  0.886780661347	   14.1663706144	  0.979343853887	    9.4515518909
72	  0.979343853887	   14.1663706144	   1.11671928405	   12.3016976713
73	   1.11671928405	   14.1663706144	   1.36328191152	   18.0859604598
74	   1.36328191152	   14.1663706144	   2.20048967432	   38.0464299638
75	   2.20048967432	   14.1663706144	   1.24673760537	   76.4998236068
76	   1.24673760537	   14.1663706144	   1.69269188227	   26.3458625619
77	   1.69269188227	   14.1663706144	  -1.49691955861	   213.078346297
78	  -1.49691955861	   14.1663706144	  -6.66909779124	   77.5543918313
79	  -6.66909779124	   14.1663706144	  -4.28189423946	   55.7511096323
80	  -4.28189423946	   14.1663706144	  -3.51322059695	   21.8794584996
81	  -3.51322059695	   14.1663706144	  -2.44141641248	   43.9009166559
82	  -2.44141641248	   14.1663706144	  -1.38613383095	   76.1313632188
83	  -1.38613383095	   14.1663706144	  -2.77487732529	   50.0470230409
84	  -2.77487732529	   14.1663706144	  -1.73688187663	   59.7620058463
85	  -1.73688187663	   14.1663706144	  0.446549887764	   488.955842164
86	  0.446549887764	   14.1663706144	  0.455687831997	   2.00530793064
87	  0.455687831997	   14.1663706144	  0.465426389432	   2.09239477081
88	  0.465426389432	   14.1663706144	  0.475835693926	   2.18758378711
89	  0.475835693926	   14.1663706144	  0.486998085497	   2.29208120186
90	  0.486998085497	   14.1663706144	  0.499011019632	   2.40734846783
91	  0.499011019632	   14.1663706144	  0.511990880817	   2.53517429138
92	  0.511990880817	   14.1663706144	  0.526078055515	   2.67777272796
93	  0.526078055515	   14.1663706144	   0.54144379262	    2.8379191551
94	   0.54144379262	   14.1663706144	  0.558299654781	   3.01914250117
95	  0.558299654781	   14.1663706144	  0.576910815772	   3.22600313286
96	  0.576910815772	   14.1663706144	   0.59761522463	   3.46450491968
97	   0.59761522463	   14.1663706144	  0.620852004229	    3.7427244239
98	  0.620852004229	   14.1663706144	  0.647204926517	    4.0718049583
99	  0.647204926517	   14.1663706144	   0.67747159039	   4.46759160133
100	   0.67747159039	   14.1663706144	  0.712778753807	   4.95345340026
101	  0.712778753807	   14.1663706144	  0.754785996671	   5.56545074357
102	  0.754785996671	   14.1663706144	  0.806072539412	   6.36252201046
103	  0.806072539412	   14.1663706144	  0.870945591731	   7.44857691861
104	  0.870945591731	   14.1663706144	  0.957367172282	   9.02700479532
105	  0.957367172282	   14.1663706144	   1.08253579842	   11.5625392088
106	   1.08253579842	   14.1663706144	   1.29532526454	   16.4274929195
107	   1.29532526454	   14.1663706144	   1.86528715059	   30.5562543475
108	   1.86528715059	   14.1663706144	  0.396598799932	   370.320926564
109	  0.396598799932	   14.1663706144	   0.40290937097	   1.56625074826
110	   0.40290937097	   14.1663706144	  0.409537107065	    1.6183481253
111	  0.409537107065	   14.1663706144	  0.416509885566	   1.67409676041
112	  0.416509885566	   14.1663706144	  0.423859178219	   1.73389961348
113	  0.423859178219	   14.1663706144	  0.431620675366	   1.79822181618
114	  0.431620675366	   14.1663706144	  0.439835049006	   1.86760324319
115	  0.439835049006	   14.1663706144	  0.448548892999	   1.94267428343
116	  0.448548892999	   14.1663706144	  0.457815891527	   2.02417580941
117	  0.457815891527	   14.1663706144	  0.467698284806	     2.112984717
118	  0.467698284806	   14.1663706144	  0.478268726469	   2.21014694831
119	  0.478268726469	   14.1663706144	  0.489612663644	   2.31692070424
120	  0.489612663644	   14.1663706144	   0.50183142448	   2.43483373901
121	   0.50183142448	   14.1663706144	  0.515046278115	   2.56576043687
122	  0.515046278115	   14.1663706144	   0.52940385458	   2.71202718683
123	   0.52940385458	   14.1663706144	  0.545083503499	   2.87655906279
124	  0.545083503499	   14.1663706144	  0.562307477362	   3.06308817798
125	  0.562307477362	   14.1663706144	   0.58135533202	   3.27645651615
126	   0.58135533202	   14.1663706144	  0.602584803042	   3.52306777646
127	  0.602584803042	   14.1663706144	  0.626462953986	    3.8115822798
128	  0.626462953986	   14.1663706144	  0.653614247665	   4.15402414748
129	  0.653614247665	   14.1663706144	  0.684897780814	   4.56762074939
130	  0.684897780814	   14.1663706144	  0.721537579186	   5.07801664519
131	  0.721537579186	   14.1663706144	  0.765356111535	   5.72524759242
132	  0.765356111535	   14.1663706144	  0.819226353591	   6.57574574104
133	  0.819226353591	   14.1663706144	  0.888041075701	   7.74904719982
134	  0.888041075701	   14.1663706144	  0.981109746504	   9.48606118066
135	  0.981109746504	   14.1663706144	   1.11951498199	   12.3629641147
136	   1.11951498199	   14.1663706144	   1.36909077665	   18.2293094744
137	   1.36909077665	   14.1663706144	    2.2369999478	   38.7979075281
138	    2.2369999478	   14.1663706144	    1.3044601886	    71.488556519
139	    1.3044601886	   14.1663706144	    1.9027055212	   31.4418245985
140	    1.9027055212	   14.1663706144	  0.551256630969	   245.157847418
141	  0.551256630969	   14.1663706144	  0.569118574865	   3.13852766101
142	  0.569118574865	   14.1663706144	  0.588926138612	   3.36333581562
143	  0.588926138612	   14.1663706144	  0.611073124521	   3.62427752422
144	  0.611073124521	   14.1663706144	  0.636077970959	   3.93109769246
145	  0.636077970959	   14.1663706144	  0.664640741504	   4.29747512623
146	  0.664640741504	   14.1663706144	  0.697736248154	   4.74326892683
147	  0.697736248154	   14.1663706144	  0.736774449395	    5.2985281008
148	  0.736774449395	   14.1663706144	  0.783895553432	   6.01114572359
149	  0.783895553432	   14.1663706144	  0.842561211716	   6.96277700276
150	  0.842561211716	   14.1663706144	  0.918882870327	   8.30591809641
151	  0.918882870327	   14.1663706144	   1.02513959363	   10.3650979791
152	   1.02513959363	   14.1663706144	   1.19185861186	   13.9881540121
153	   1.19185861186	   14.1663706144	     1.536210246	   22.4156579501
154	     1.536210246	   14.1663706144	   6.09813712862	   74.8085322845
155	   6.09813712862	   14.1663706144	   4.89397712506	   24.6049373095
156	   4.89397712506	   14.1663706144	   2.37472769922	   106.085823089
157	   2.37472769922	   14.1663706144	   1.50113881078	   58.1950771083
158	   1.50113881078	   14.1663706144	   4.15529075582	   63.8740367644
159	   4.15529075582	   14.1663706144	    3.5985150354	   15.4723744362
160	    3.5985150354	   14.1663706144	   2.87359242399	   25.2270504809
161	   2.87359242399	   14.1663706144	   2.08792707002	   37.6289653621
162	   2.08792707002	   14.1663706144	   1.04522113344	   99.7593622267
163	   1.04522113344	   14.1663706144	   1.22674123471	   14.7969348489
164	   1.22674123471	   14.1663706144	    1.6318359179	   24.8244740021
165	    1.6318359179	   14.1663706144	  -5.78645052666	   128.200982803
166	  -5.78645052666	   14.1663706144	  -3.47916407481	   66.3172647863
167	  -3.47916407481	   14.1663706144	  -2.40792096806	   44.4883001129
168	  -2.40792096806	   14.1663706144	  -1.34712254697	    78.745502662
169	  -1.34712254697	   14.1663706144	  -2.39008900992	   43.6371389775
170	  -2.39008900992	   14.1663706144	  -1.32593012112	    80.257539356
171	  -1.32593012112	   14.1663706144	  -2.23263348007	   40.6113841362
172	  -2.23263348007	   14.1663706144	  -1.12191928789	   99.0012565229
173	  -1.12191928789	   14.1663706144	  -1.42939068718	   21.5106619938
174	  -1.42939068718	   14.1663706144	  -3.46805886006	   58.7841283884
175	  -3.46805886006	   14.1663706144	  -2.39706552724	   44.6793515092
176	  -2.39706552724	   14.1663706144	  -1.33425839564	   79.6552703033
177	  -1.33425839564	   14.1663706144	  -2.29121803321	   41.7664152297
178	  -2.29121803321	   14.1663706144	  -1.20194458998	   90.6259283762
179	  -1.20194458998	   14.1663706144	  -1.65471624919	   27.3624954995
180	  -1.65471624919	   14.1663706144	   1.80438220946	   191.705418094
181	   1.80438220946	   14.1663706144	 0.0525635583987	   3332.76266757
182	 0.0525635583987	   14.1663706144	 0.0525776909796	 0.0268794248131
183	 0.0525776909796	   14.1663706144	 0.0525918349571	 0.0268938658799
184	 0.0525918349571	   14.1663706144	 0.0526059903467	 0.0269083224683
185	 0.0526059903467	   14.1663706144	 0.0526201571635	 0.0269227946057
186	 0.0526201571635	   14.1663706144	  0.052634335423	 0.0269372823163
187	  0.052634335423	   14.1663706144	 0.0526485251407	 0.0269517856276
188	 0.0526485251407	   14.1663706144	 0.0526627263318	 0.0269663045568
189	 0.0526627263318	   14.1663706144	  0.052676939012	  0.026980839138
190	  0.052676939012	   14.1663706144	 0.0526911631967	 0.0269953893983
191	 0.0526911631967	   14.1663706144	 0.0527053989014	 0.0270099553581
192	 0.0527053989014	   14.1663706144	 0.0527196461417	 0.0270245370344
193	 0.0527196461417	   14.1663706144	 0.0527339049332	 0.0270391344709
194	 0.0527339049332	   14.1663706144	 0.0527481752914	 0.0270537476811
195	 0.0527481752914	   14.1663706144	 0.0527624572321	 0.0270683766918
196	 0.0527624572321	   14.1663706144	 0.0527767507709	  0.027083021533
197	 0.0527767507709	   14.1663706144	 0.0527910559234	 0.0270976822246
198	 0.0527910559234	   14.1663706144	 0.0528053727056	    0.0271123588
199	 0.0528053727056	   14.1663706144	  0.052819701133	 0.0271270512755
200	  0.052819701133	   14.1663706144	 0.0528340412215	 0.0271417596842
RESULTADO (200, 0.0528340412215)

Ponto Fixo  (1.2, 1.4)

1	             1.4	    1.2691707835	               0	   10.3082436341
2	    1.2691707835	   1.08090137075	               0	    17.417816079
3	   1.08090137075	  0.855012180757	               0	   26.4194119191
4	  0.855012180757	  0.631993698788	               0	   35.2880863205
5	  0.631993698788	  0.445119315202	               0	    41.982986854
6	  0.445119315202	  0.304813400189	               0	   46.0301006869
7	  0.304813400189	   0.20576015065	               0	   48.1401521266
8	   0.20576015065	  0.137952482958	               0	   49.1529157273
9	  0.137952482958	 0.0922023232076	               0	   49.6193134387
10	 0.0922023232076	 0.0615379745581	               0	   49.8299608815
11	 0.0615379745581	 0.0410460422089	               0	   49.9242588235
12	 0.0410460422089	 0.0273701765925	               0	   49.9663039078
13	 0.0273701765925	 0.0182486071436	               0	   49.9850173618
14	 0.0182486071436	 0.0121662782991	               0	   49.9933397456
15	 0.0121662782991	0.00811101227676	               0	   49.9970396291
16	0.00811101227676	0.00540738895041	               0	   49.9986842291
17	0.00540738895041	0.00360494002132	               0	   49.9994152031
18	0.00360494002132	0.00240329751186	               0	   49.9997400877
19	0.00240329751186	0.00160219957516	               0	   49.9998844789
20	0.00160219957516	0.00106813341574	               0	   49.9999486537
21	0.00106813341574	0.000712089052202	               0	   49.9999771705
22	0.000712089052202	0.000474726066831	               0	   49.9999898794
23	0.000474726066831	0.000316484053953	               0	   49.9999955454
24	0.000316484053953	0.000210989372527	               0	    49.999997707
25	0.000210989372527	0.000140659582368	               0	   49.9999992717
26	0.000140659582368	9.37730540549e-05	               0	   50.0000013709
27	9.37730540549e-05	6.25153690101e-05	               0	   50.0000008635
28	6.25153690101e-05	4.1676915164e-05	               0	    49.999991036
29	4.1676915164e-05	2.77846102105e-05	               0	    49.999999454
30	2.77846102105e-05	1.85230737252e-05	               0	   49.9999979629
31	1.85230737252e-05	1.23487113665e-05	               0	   50.0000540575
32	1.23487113665e-05	8.23248572211e-06	               0	   49.9997908696
33	8.23248572211e-06	5.48831229451e-06	               0	   50.0003148572
34	5.48831229451e-06	3.65888521418e-06	               0	   49.9995756425
35	3.65888521418e-06	2.43925388928e-06	               0	   50.0001795738
36	2.43925388928e-06	1.62616076222e-06	               0	   50.0007838061
37	1.62616076222e-06	1.08414384805e-06	               0	   49.9949259633
38	1.08414384805e-06	7.22778022831e-07	               0	   49.9967920723
39	7.22778022831e-07	4.81928668072e-07	               0	   49.9761418475
40	4.81928668072e-07	3.21463391124e-07	               0	   49.9171231868
41	3.21463391124e-07	2.14533170025e-07	               0	   49.8432112325
42	2.14533170025e-07	1.43466093562e-07	               0	   49.5357995039
43	1.43466093562e-07	9.65432881004e-08	               0	   48.6028665324
44	9.65432881004e-08	6.39026492948e-08	               0	    51.078694179
45	6.39026492948e-08	4.07230652155e-08	               0	   56.9200377148
46	4.07230652155e-08	2.95471943201e-08	               0	   37.8237973267
47	2.95471943201e-08	1.83713234248e-08	               0	     60.83323796
48	1.83713234248e-08	1.09207428278e-08	               0	   68.2241191317
49	1.09207428278e-08	1.09207428278e-08	               0	               0
RESULTADO (49, 1.09207428278e-08)

Ponto Fixo  (4.39159265359, 4.59159265359)

1	   4.59159265359	   4.53786190702	               0	   1.18405424557
2	   4.53786190702	   4.50261889528	               0	  0.782722512375
3	   4.50261889528	   4.49380836818	               0	  0.196059252737
4	   4.49380836818	   4.49341020827	               0	 0.0088609739469
5	   4.49341020827	   4.49340945791	               0	1.66990371378e-05
RESULTADO (5, 4.49340945791)

Ponto Fixo  (7.58318530718, 7.78318530718)

1	   7.78318530718	   7.75141144132	               0	   0.40991071233
2	   7.75141144132	   7.73060527049	               0	  0.269140256312
3	   7.73060527049	   7.72547674316	               0	 0.0663846063443
4	   7.72547674316	   7.72525223423	               0	0.00290616952605
5	   7.72525223423	   7.72525183694	               0	5.14282283643e-06
RESULTADO (5, 7.72525183694)

Ponto Fixo  (10.7747779608, 10.9747779608)

1	   10.9747779608	   10.9587264553	               0	  0.146472361474
2	   10.9587264553	   10.9367547664	               0	  0.200897701222
3	   10.9367547664	   10.9157930479	               0	    0.1920311095
4	   10.9157930479	   10.9056175267	               0	 0.0933053191062
5	   10.9056175267	   10.9041462594	               0	 0.0134927321807
6	   10.9041462594	   10.9041216661	               0	0.000225541868805
7	   10.9041216661	   10.9041216594	               0	6.10248495609e-08
RESULTADO (7, 10.9041216594)

Ponto Fixo  (13.9663706144, 14.1663706144)

1	   14.1663706144	   14.2076713186	               0	   0.29069298764
2	   14.2076713186	   14.3491519034	               0	  0.985985693034
3	   14.3491519034	   15.2290085511	               0	   5.77750445605
4	   15.2290085511	   73.6306802433	               0	   79.3170340125
5	   73.6306802433	    76.356755729	               0	   3.57018244114
6	    76.356755729	   113.314961656	               0	   32.6154687665
7	   113.314961656	   2426.18285193	               0	   95.3294962263
8	   2426.18285193	   4129.02656908	               0	   41.2408030962
9	   4129.02656908	   6035.94565823	               0	   31.5927146652
10	   6035.94565823	   9172.22026093	               0	   34.1931889279
11	   9172.22026093	   10324.0107121	               0	   11.1564244097
12	   10324.0107121	   22843.2404081	               0	    54.804964061
13	   22843.2404081	   52510.8434501	               0	   56.4980508649
14	   52510.8434501	   88726.7209055	               0	   40.8173288563
15	   88726.7209055	   96650.4574232	               0	   8.19834352469
16	   96650.4574232	   270592.015268	               0	   64.2818516549
17	   270592.015268	   2217716.27562	               0	   87.7986188656
18	   2217716.27562	   963235161.316	               0	   99.7697637748
19	   963235161.316	   1006730493.26	               0	   4.32045440544
20	   1006730493.26	   1771957821.53	               0	   43.1854144025
21	   1771957821.53	    1772801281.3	               0	 0.0475777955311
22	    1772801281.3	   31646879644.1	               0	   94.3981798483
23	   31646879644.1	   34786829843.3	               0	   9.02626141354
24	   34786829843.3	    321241736031	               0	   89.1711362686
25	    321241736031	    330315329137	               0	   2.74694884136
26	    330315329137	    331914302272	               0	  0.481742764114
27	    331914302272	  1.65988292e+12	               0	    80.003752176
28	  1.65988292e+12	1.60759271228e+13	               0	   89.6747297538
29	1.60759271228e+13	1.74123894749e+13	               0	   7.67535296671
30	1.74123894749e+13	2.58055259513e+13	               0	   32.5245704824
31	2.58055259513e+13	2.65351012748e+13	               0	   2.74947254175
32	2.65351012748e+13	4.3445576977e+13	               0	   38.9233539497
33	4.3445576977e+13	1.35906467174e+14	               0	   68.0327376021
34	1.35906467174e+14	1.46252922154e+14	               0	   7.07435778263
35	1.46252922154e+14	2.77026887159e+14	               0	   47.2062355917
36	2.77026887159e+14	8.45688465282e+14	               0	   67.2424422785
37	8.45688465282e+14	3.7062537476e+15	               0	   77.1821218169
38	3.7062537476e+15	3.87494842791e+15	               0	   4.35346904472
39	3.87494842791e+15	3.88730585035e+15	               0	  0.317891694751
40	3.88730585035e+15	8.81183880092e+16	               0	   95.5885418036
41	8.81183880092e+16	1.51055236839e+18	               0	    94.166479107
42	1.51055236839e+18	1.52252983921e+18	               0	  0.786682173057
43	1.52252983921e+18	1.56248892908e+18	               0	   2.55739987199
44	1.56248892908e+18	2.17073634674e+18	               0	   28.0203267691
45	2.17073634674e+18	2.5962829949e+18	               0	   16.3906110776
46	2.5962829949e+18	3.49021725673e+18	               0	   25.6125678166
47	3.49021725673e+18	4.52273773629e+18	               0	   22.8295457258
48	4.52273773629e+18	4.64069630014e+18	               0	   2.54182898897
49	4.64069630014e+18	4.25124683834e+19	               0	   89.0839170798
50	4.25124683834e+19	4.72755216051e+19	               0	   10.0750939597
51	4.72755216051e+19	8.30333403874e+20	               0	   94.3064410772
52	8.30333403874e+20	9.5218527365e+20	               0	   12.7970756478
53	9.5218527365e+20	1.01298922034e+21	               0	   6.00242781178
54	1.01298922034e+21	1.4175183632e+21	               0	   28.5378414392
55	1.4175183632e+21	2.07273744336e+21	               0	   31.6112917367
56	2.07273744336e+21	3.40238927864e+22	               0	   93.9079944309
57	3.40238927864e+22	3.91902696378e+22	               0	   13.1828050664
58	3.91902696378e+22	4.00055480553e+22	               0	   2.03791338257
59	4.00055480553e+22	4.06542410113e+22	               0	   1.59563415724
60	4.06542410113e+22	7.53381461327e+23	               0	   94.6037640826
61	7.53381461327e+23	7.53672522417e+23	               0	 0.0386190395461
62	7.53672522417e+23	3.42010294279e+24	               0	   77.9634550473
63	3.42010294279e+24	4.50115619584e+25	               0	   92.4017234817
64	4.50115619584e+25	1.24497795331e+28	               0	   99.6384549474
65	1.24497795331e+28	1.86286082618e+28	               0	   33.1684935445
66	1.86286082618e+28	1.95601880389e+29	               0	   90.4762632011
67	1.95601880389e+29	1.99500130554e+29	               0	   1.95400882907
68	1.99500130554e+29	1.25017644106e+30	               0	   84.0422420387
69	1.25017644106e+30	1.39765320865e+30	               0	   10.5517424977
70	1.39765320865e+30	2.58265323628e+32	               0	   99.4588304814
71	2.58265323628e+32	4.04121829549e+32	               0	   36.0922116194
72	4.04121829549e+32	4.75815952309e+32	               0	   15.0676164622
73	4.75815952309e+32	1.69553902608e+34	               0	   97.1937186642
74	1.69553902608e+34	1.8947668095e+34	               0	   10.5146333796
75	1.8947668095e+34	1.89760474838e+34	               0	  0.149553740712
76	1.89760474838e+34	1.95144916808e+34	               0	   2.75920175522
77	1.95144916808e+34	2.0363848309e+34	               0	   4.17090431687
78	2.0363848309e+34	5.49400825348e+34	               0	   62.9344417236
79	5.49400825348e+34	1.64287367959e+37	               0	   99.6655854725
80	1.64287367959e+37	3.02738752312e+37	               0	   45.7329573092
81	3.02738752312e+37	1.00770585716e+38	               0	   69.9576270038
82	1.00770585716e+38	2.97571185157e+38	               0	   66.1356372046
83	2.97571185157e+38	4.99183863028e+38	               0	   40.3884606061
84	4.99183863028e+38	6.48956364216e+38	               0	   23.0789787182
85	6.48956364216e+38	1.89179643406e+41	               0	   99.6569628991
86	1.89179643406e+41	2.9373296236e+41	               0	   35.5946837268
87	2.9373296236e+41	9.04855761785e+41	               0	   67.5381453304
88	9.04855761785e+41	9.34446464585e+41	               0	   3.16665576055
89	9.34446464585e+41	1.04337287169e+42	               0	   10.4398350833
90	1.04337287169e+42	6.57243631141e+42	               0	   84.1250211907
91	6.57243631141e+42	3.28822636349e+43	               0	   80.0122145349
92	3.28822636349e+43	1.4572337559e+44	               0	   77.4351482719
93	1.4572337559e+44	2.03494915289e+44	               0	     28.38967235
94	2.03494915289e+44	2.24888397115e+44	               0	   9.51293268153
95	2.24888397115e+44	2.40362928018e+44	               0	   6.43798568699
96	2.40362928018e+44	7.39272274848e+46	               0	   99.6748654911
97	7.39272274848e+46	1.17252503833e+51	               0	   99.9936950406
98	1.17252503833e+51	2.47193455116e+51	               0	   52.5665014965
99	2.47193455116e+51	4.92678007322e+52	               0	   94.9826570003
100	4.92678007322e+52	1.30274851272e+55	               0	   99.6218164884
101	1.30274851272e+55	5.00150361656e+55	               0	    73.952862727
102	5.00150361656e+55	2.91144792438e+56	               0	   82.8212499537
103	2.91144792438e+56	2.08479822266e+57	               0	   86.0348695009
104	2.08479822266e+57	2.6526161033e+57	               0	   21.4059576859
105	2.6526161033e+57	6.49183901908e+57	               0	   59.1392193259
106	6.49183901908e+57	3.28300497798e+59	               0	   98.0225923925
107	3.28300497798e+59	3.3018005038e+59	               0	  0.569250801093
108	3.3018005038e+59	2.16375271111e+60	               0	   84.7403980739
109	2.16375271111e+60	2.52421481457e+60	               0	   14.2801674953
110	2.52421481457e+60	1.45612229923e+62	               0	   98.2664815889
111	1.45612229923e+62	2.10192016615e+65	               0	   99.9307241863
112	2.10192016615e+65	4.76341160037e+66	               0	   95.5873639683
113	4.76341160037e+66	6.65127671161e+66	               0	   28.3834997865
114	6.65127671161e+66	6.82810379741e+66	               0	   2.58969533925
115	6.82810379741e+66	7.08815906862e+66	               0	   3.66886900665
116	7.08815906862e+66	1.94226915076e+68	               0	   96.3505783605
117	1.94226915076e+68	4.0364260037e+71	               0	   99.9518814627
118	4.0364260037e+71	6.50187962761e+72	               0	   93.7919090557
119	6.50187962761e+72	8.94098753487e+72	               0	   27.2800727855
120	8.94098753487e+72	9.80505411702e+72	               0	   8.81246112294
121	9.80505411702e+72	 1.572531116e+74	               0	   93.7647948475
122	 1.572531116e+74	1.57954639629e+74	               0	   0.44413258816
123	1.57954639629e+74	1.69658032257e+76	               0	    99.068982249
124	1.69658032257e+76	1.8424162469e+76	               0	    7.9154710331
125	1.8424162469e+76	1.85490566678e+76	               0	  0.673318331135
126	1.85490566678e+76	5.77673730375e+76	               0	   67.8900810397
127	5.77673730375e+76	1.18859163167e+77	               0	   51.3984689961
128	1.18859163167e+77	4.02175892988e+77	               0	   70.4459751966
129	4.02175892988e+77	1.44605241551e+79	               0	   97.2188014164
130	1.44605241551e+79	2.70240504903e+79	               0	   46.4901674889
131	2.70240504903e+79	5.71040378899e+79	               0	   52.6757625398
132	5.71040378899e+79	3.93830189681e+80	               0	   85.5003401501
133	3.93830189681e+80	5.37949970822e+80	               0	   26.7905546905
134	5.37949970822e+80	2.03102857088e+82	               0	   97.3513421794
135	2.03102857088e+82	2.18536273177e+82	               0	   7.06217593295
136	2.18536273177e+82	5.97227962764e+82	               0	   63.4082315628
137	5.97227962764e+82	1.00721977888e+84	               0	   94.0705298358
138	1.00721977888e+84	3.71977791866e+84	               0	   72.9225829901
139	3.71977791866e+84	3.30078217793e+85	               0	    88.730616811
140	3.30078217793e+85	7.99202754626e+85	               0	   58.6990640507
141	7.99202754626e+85	9.22070586866e+85	               0	   13.3252089363
142	9.22070586866e+85	1.1133792922e+86	               0	   17.1827073375
143	1.1133792922e+86	1.22378705793e+87	               0	   90.9021811844
144	1.22378705793e+87	2.19527271487e+88	               0	    94.425352943
145	2.19527271487e+88	2.72128228264e+89	               0	   91.9329474606
146	2.72128228264e+89	3.13626240139e+89	               0	   13.2316772528
147	3.13626240139e+89	3.1382884178e+89	               0	 0.0645580055896
148	3.1382884178e+89	8.62269535983e+89	               0	   63.6043222352
149	8.62269535983e+89	1.27629344125e+91	               0	   93.2439554407
150	1.27629344125e+91	1.43920362343e+91	               0	    11.319467206
151	1.43920362343e+91	1.69032961509e+91	               0	   14.8566285187
152	1.69032961509e+91	5.02030559887e+93	               0	   99.6633014501
153	5.02030559887e+93	1.8034318686e+95	               0	   97.2162488163
154	1.8034318686e+95	2.64821178146e+96	               0	   93.1900013389
155	2.64821178146e+96	3.48212537603e+96	               0	   23.9484080702
156	3.48212537603e+96	1.72610763614e+97	               0	   79.8267193591
157	1.72610763614e+97	2.96621375929e+97	               0	   41.8077125852
158	2.96621375929e+97	8.61183690322e+97	               0	   65.5565497509
159	8.61183690322e+97	9.5829698225e+97	               0	   10.1339452932
160	9.5829698225e+97	1.44328493819e+98	               0	    33.603063616
161	1.44328493819e+98	5.46664343012e+98	               0	     73.59833403
162	5.46664343012e+98	 3.782576698e+99	               0	   85.5478318972
163	 3.782576698e+99	4.22299583964e+100	               0	   91.0429068802
164	4.22299583964e+100	5.76341677247e+100	               0	   26.7275644577
165	5.76341677247e+100	6.59352628237e+102	               0	   99.1258976569
166	6.59352628237e+102	1.81641226279e+104	               0	   96.3700276543
167	1.81641226279e+104	1.83182713361e+104	               0	  0.841502483305
168	1.83182713361e+104	1.74495775014e+106	               0	    98.950216913
169	1.74495775014e+106	8.25924591066e+110	               0	   99.9978872675
170	8.25924591066e+110	6.48302311065e+111	               0	   87.2601936324
171	6.48302311065e+111	9.35067447435e+111	               0	   30.6678557955
172	9.35067447435e+111	1.62455281584e+112	               0	   42.4415483254
173	1.62455281584e+112	3.90100427632e+112	               0	   58.3555233276
174	3.90100427632e+112	4.88444658749e+112	               0	    20.134160412
175	4.88444658749e+112	8.04922194446e+112	               0	   39.3177797656
176	8.04922194446e+112	1.02156638252e+113	               0	   21.2070592556
177	1.02156638252e+113	1.87183987597e+113	               0	   45.4244780422
178	1.87183987597e+113	9.67285912525e+113	               0	   80.6485357459
179	9.67285912525e+113	3.07693871483e+114	               0	    68.563367614
180	3.07693871483e+114	4.9382860861e+114	               0	   37.6921737383
181	4.9382860861e+114	2.61270450291e+115	               0	   81.0989490752
182	2.61270450291e+115	9.07957553377e+115	               0	   71.2243761485
183	9.07957553377e+115	1.33540077042e+116	               0	   32.0086094387
184	1.33540077042e+116	3.06384805811e+116	               0	   56.4142625517
185	3.06384805811e+116	7.81622569207e+116	               0	   60.8014382028
186	7.81622569207e+116	9.48327405571e+116	               0	   17.5788272473
187	9.48327405571e+116	1.09660213803e+119	               0	   99.1352128792
188	1.09660213803e+119	5.1040149558e+119	               0	   78.5149113486
189	5.1040149558e+119	5.18048120138e+119	               0	   1.47604522844
190	5.18048120138e+119	8.09764499433e+120	               0	   93.6024841729
191	8.09764499433e+120	8.10926892429e+120	               0	  0.143341280955
192	8.10926892429e+120	8.22235617975e+120	               0	   1.37536313183
193	8.22235617975e+120	1.33445282682e+121	               0	   38.3840626325
194	1.33445282682e+121	1.37034720214e+121	               0	    2.6193635639
195	1.37034720214e+121	2.7790677997e+121	               0	   50.6904004902
196	2.7790677997e+121	1.01146897805e+122	               0	   72.5244386136
197	1.01146897805e+122	1.42757293567e+122	               0	   29.1476496383
198	1.42757293567e+122	1.91409594325e+122	               0	   25.4179007741
199	1.91409594325e+122	5.93535590344e+122	               0	    67.750949153
200	5.93535590344e+122	6.0302795267e+122	               0	   1.57411647063
RESULTADO (200, 6.0302795267e+122)

Newton Raphson (1.2, 1.4)

1	             1.4	    1.2691707835	               0	   10.3082436341
2	    1.2691707835	   1.08090137075	               0	    17.417816079
3	   1.08090137075	  0.855012180757	               0	   26.4194119191
4	  0.855012180757	  0.631993698788	               0	   35.2880863205
5	  0.631993698788	  0.445119315202	               0	    41.982986854
6	  0.445119315202	  0.304813400189	               0	   46.0301006869
7	  0.304813400189	   0.20576015065	               0	   48.1401521266
8	   0.20576015065	  0.137952482958	               0	   49.1529157273
9	  0.137952482958	 0.0922023232076	               0	   49.6193134387
10	 0.0922023232076	 0.0615379745581	               0	   49.8299608815
11	 0.0615379745581	 0.0410460422089	               0	   49.9242588235
12	 0.0410460422089	 0.0273701765925	               0	   49.9663039078
13	 0.0273701765925	 0.0182486071436	               0	   49.9850173618
14	 0.0182486071436	 0.0121662782991	               0	   49.9933397456
15	 0.0121662782991	0.00811101227676	               0	   49.9970396291
16	0.00811101227676	0.00540738895041	               0	   49.9986842291
17	0.00540738895041	0.00360494002132	               0	   49.9994152031
18	0.00360494002132	0.00240329751186	               0	   49.9997400877
19	0.00240329751186	0.00160219957516	               0	   49.9998844789
20	0.00160219957516	0.00106813341574	               0	   49.9999486537
21	0.00106813341574	0.000712089052202	               0	   49.9999771705
22	0.000712089052202	0.000474726066831	               0	   49.9999898794
23	0.000474726066831	0.000316484053953	               0	   49.9999955454
24	0.000316484053953	0.000210989372527	               0	    49.999997707
25	0.000210989372527	0.000140659582368	               0	   49.9999992717
26	0.000140659582368	9.37730540549e-05	               0	   50.0000013709
27	9.37730540549e-05	6.25153690101e-05	               0	   50.0000008635
28	6.25153690101e-05	4.1676915164e-05	               0	    49.999991036
29	4.1676915164e-05	2.77846102105e-05	               0	    49.999999454
30	2.77846102105e-05	1.85230737252e-05	               0	   49.9999979629
31	1.85230737252e-05	1.23487113665e-05	               0	   50.0000540575
32	1.23487113665e-05	8.23248572211e-06	               0	   49.9997908696
33	8.23248572211e-06	5.48831229451e-06	               0	   50.0003148572
34	5.48831229451e-06	3.65888521418e-06	               0	   49.9995756425
35	3.65888521418e-06	2.43925388928e-06	               0	   50.0001795738
36	2.43925388928e-06	1.62616076222e-06	               0	   50.0007838061
37	1.62616076222e-06	1.08414384805e-06	               0	   49.9949259633
38	1.08414384805e-06	7.22778022831e-07	               0	   49.9967920723
39	7.22778022831e-07	4.81928668072e-07	               0	   49.9761418475
40	4.81928668072e-07	3.21463391124e-07	               0	   49.9171231868
41	3.21463391124e-07	2.14533170025e-07	               0	   49.8432112325
42	2.14533170025e-07	1.43466093562e-07	               0	   49.5357995039
43	1.43466093562e-07	9.65432881004e-08	               0	   48.6028665324
44	9.65432881004e-08	6.39026492948e-08	               0	    51.078694179
45	6.39026492948e-08	4.07230652155e-08	               0	   56.9200377148
46	4.07230652155e-08	2.95471943201e-08	               0	   37.8237973267
47	2.95471943201e-08	1.83713234248e-08	               0	     60.83323796
48	1.83713234248e-08	1.09207428278e-08	               0	   68.2241191317
49	1.09207428278e-08	1.09207428278e-08	               0	               0
RESULTADO (49, 1.09207428278e-08)

Newton Raphson (4.39159265359, 4.59159265359)

1	   4.59159265359	   4.53786190702	               0	   1.18405424557
2	   4.53786190702	   4.50261889528	               0	  0.782722512375
3	   4.50261889528	   4.49380836818	               0	  0.196059252737
4	   4.49380836818	   4.49341020827	               0	 0.0088609739469
5	   4.49341020827	   4.49340945791	               0	1.66990371378e-05
RESULTADO (5, 4.49340945791)

Newton Raphson (7.58318530718, 7.78318530718)

1	   7.78318530718	   7.75141144132	               0	   0.40991071233
2	   7.75141144132	   7.73060527049	               0	  0.269140256312
3	   7.73060527049	   7.72547674316	               0	 0.0663846063443
4	   7.72547674316	   7.72525223423	               0	0.00290616952605
5	   7.72525223423	   7.72525183694	               0	5.14282283643e-06
RESULTADO (5, 7.72525183694)

Newton Raphson (10.7747779608, 10.9747779608)

1	   10.9747779608	   10.9587264553	               0	  0.146472361474
2	   10.9587264553	   10.9367547664	               0	  0.200897701222
3	   10.9367547664	   10.9157930479	               0	    0.1920311095
4	   10.9157930479	   10.9056175267	               0	 0.0933053191062
5	   10.9056175267	   10.9041462594	               0	 0.0134927321807
6	   10.9041462594	   10.9041216661	               0	0.000225541868805
7	   10.9041216661	   10.9041216594	               0	6.10248495609e-08
RESULTADO (7, 10.9041216594)

Newton Raphson (13.9663706144, 14.1663706144)

1	   14.1663706144	   14.2076713186	               0	   0.29069298764
2	   14.2076713186	   14.3491519034	               0	  0.985985693034
3	   14.3491519034	   15.2290085511	               0	   5.77750445605
4	   15.2290085511	   73.6306802433	               0	   79.3170340125
5	   73.6306802433	    76.356755729	               0	   3.57018244114
6	    76.356755729	   113.314961656	               0	   32.6154687665
7	   113.314961656	   2426.18285193	               0	   95.3294962263
8	   2426.18285193	   4129.02656908	               0	   41.2408030962
9	   4129.02656908	   6035.94565823	               0	   31.5927146652
10	   6035.94565823	   9172.22026093	               0	   34.1931889279
11	   9172.22026093	   10324.0107121	               0	   11.1564244097
12	   10324.0107121	   22843.2404081	               0	    54.804964061
13	   22843.2404081	   52510.8434501	               0	   56.4980508649
14	   52510.8434501	   88726.7209055	               0	   40.8173288563
15	   88726.7209055	   96650.4574232	               0	   8.19834352469
16	   96650.4574232	   270592.015268	               0	   64.2818516549
17	   270592.015268	   2217716.27562	               0	   87.7986188656
18	   2217716.27562	   963235161.316	               0	   99.7697637748
19	   963235161.316	   1006730493.26	               0	   4.32045440544
20	   1006730493.26	   1771957821.53	               0	   43.1854144025
21	   1771957821.53	    1772801281.3	               0	 0.0475777955311
22	    1772801281.3	   31646879644.1	               0	   94.3981798483
23	   31646879644.1	   34786829843.3	               0	   9.02626141354
24	   34786829843.3	    321241736031	               0	   89.1711362686
25	    321241736031	    330315329137	               0	   2.74694884136
26	    330315329137	    331914302272	               0	  0.481742764114
27	    331914302272	  1.65988292e+12	               0	    80.003752176
28	  1.65988292e+12	1.60759271228e+13	               0	   89.6747297538
29	1.60759271228e+13	1.74123894749e+13	               0	   7.67535296671
30	1.74123894749e+13	2.58055259513e+13	               0	   32.5245704824
31	2.58055259513e+13	2.65351012748e+13	               0	   2.74947254175
32	2.65351012748e+13	4.3445576977e+13	               0	   38.9233539497
33	4.3445576977e+13	1.35906467174e+14	               0	   68.0327376021
34	1.35906467174e+14	1.46252922154e+14	               0	   7.07435778263
35	1.46252922154e+14	2.77026887159e+14	               0	   47.2062355917
36	2.77026887159e+14	8.45688465282e+14	               0	   67.2424422785
37	8.45688465282e+14	3.7062537476e+15	               0	   77.1821218169
38	3.7062537476e+15	3.87494842791e+15	               0	   4.35346904472
39	3.87494842791e+15	3.88730585035e+15	               0	  0.317891694751
40	3.88730585035e+15	8.81183880092e+16	               0	   95.5885418036
41	8.81183880092e+16	1.51055236839e+18	               0	    94.166479107
42	1.51055236839e+18	1.52252983921e+18	               0	  0.786682173057
43	1.52252983921e+18	1.56248892908e+18	               0	   2.55739987199
44	1.56248892908e+18	2.17073634674e+18	               0	   28.0203267691
45	2.17073634674e+18	2.5962829949e+18	               0	   16.3906110776
46	2.5962829949e+18	3.49021725673e+18	               0	   25.6125678166
47	3.49021725673e+18	4.52273773629e+18	               0	   22.8295457258
48	4.52273773629e+18	4.64069630014e+18	               0	   2.54182898897
49	4.64069630014e+18	4.25124683834e+19	               0	   89.0839170798
50	4.25124683834e+19	4.72755216051e+19	               0	   10.0750939597
51	4.72755216051e+19	8.30333403874e+20	               0	   94.3064410772
52	8.30333403874e+20	9.5218527365e+20	               0	   12.7970756478
53	9.5218527365e+20	1.01298922034e+21	               0	   6.00242781178
54	1.01298922034e+21	1.4175183632e+21	               0	   28.5378414392
55	1.4175183632e+21	2.07273744336e+21	               0	   31.6112917367
56	2.07273744336e+21	3.40238927864e+22	               0	   93.9079944309
57	3.40238927864e+22	3.91902696378e+22	               0	   13.1828050664
58	3.91902696378e+22	4.00055480553e+22	               0	   2.03791338257
59	4.00055480553e+22	4.06542410113e+22	               0	   1.59563415724
60	4.06542410113e+22	7.53381461327e+23	               0	   94.6037640826
61	7.53381461327e+23	7.53672522417e+23	               0	 0.0386190395461
62	7.53672522417e+23	3.42010294279e+24	               0	   77.9634550473
63	3.42010294279e+24	4.50115619584e+25	               0	   92.4017234817
64	4.50115619584e+25	1.24497795331e+28	               0	   99.6384549474
65	1.24497795331e+28	1.86286082618e+28	               0	   33.1684935445
66	1.86286082618e+28	1.95601880389e+29	               0	   90.4762632011
67	1.95601880389e+29	1.99500130554e+29	               0	   1.95400882907
68	1.99500130554e+29	1.25017644106e+30	               0	   84.0422420387
69	1.25017644106e+30	1.39765320865e+30	               0	   10.5517424977
70	1.39765320865e+30	2.58265323628e+32	               0	   99.4588304814
71	2.58265323628e+32	4.04121829549e+32	               0	   36.0922116194
72	4.04121829549e+32	4.75815952309e+32	               0	   15.0676164622
73	4.75815952309e+32	1.69553902608e+34	               0	   97.1937186642
74	1.69553902608e+34	1.8947668095e+34	               0	   10.5146333796
75	1.8947668095e+34	1.89760474838e+34	               0	  0.149553740712
76	1.89760474838e+34	1.95144916808e+34	               0	   2.75920175522
77	1.95144916808e+34	2.0363848309e+34	               0	   4.17090431687
78	2.0363848309e+34	5.49400825348e+34	               0	   62.9344417236
79	5.49400825348e+34	1.64287367959e+37	               0	   99.6655854725
80	1.64287367959e+37	3.02738752312e+37	               0	   45.7329573092
81	3.02738752312e+37	1.00770585716e+38	               0	   69.9576270038
82	1.00770585716e+38	2.97571185157e+38	               0	   66.1356372046
83	2.97571185157e+38	4.99183863028e+38	               0	   40.3884606061
84	4.99183863028e+38	6.48956364216e+38	               0	   23.0789787182
85	6.48956364216e+38	1.89179643406e+41	               0	   99.6569628991
86	1.89179643406e+41	2.9373296236e+41	               0	   35.5946837268
87	2.9373296236e+41	9.04855761785e+41	               0	   67.5381453304
88	9.04855761785e+41	9.34446464585e+41	               0	   3.16665576055
89	9.34446464585e+41	1.04337287169e+42	               0	   10.4398350833
90	1.04337287169e+42	6.57243631141e+42	               0	   84.1250211907
91	6.57243631141e+42	3.28822636349e+43	               0	   80.0122145349
92	3.28822636349e+43	1.4572337559e+44	               0	   77.4351482719
93	1.4572337559e+44	2.03494915289e+44	               0	     28.38967235
94	2.03494915289e+44	2.24888397115e+44	               0	   9.51293268153
95	2.24888397115e+44	2.40362928018e+44	               0	   6.43798568699
96	2.40362928018e+44	7.39272274848e+46	               0	   99.6748654911
97	7.39272274848e+46	1.17252503833e+51	               0	   99.9936950406
98	1.17252503833e+51	2.47193455116e+51	               0	   52.5665014965
99	2.47193455116e+51	4.92678007322e+52	               0	   94.9826570003
100	4.92678007322e+52	1.30274851272e+55	               0	   99.6218164884
101	1.30274851272e+55	5.00150361656e+55	               0	    73.952862727
102	5.00150361656e+55	2.91144792438e+56	               0	   82.8212499537
103	2.91144792438e+56	2.08479822266e+57	               0	   86.0348695009
104	2.08479822266e+57	2.6526161033e+57	               0	   21.4059576859
105	2.6526161033e+57	6.49183901908e+57	               0	   59.1392193259
106	6.49183901908e+57	3.28300497798e+59	               0	   98.0225923925
107	3.28300497798e+59	3.3018005038e+59	               0	  0.569250801093
108	3.3018005038e+59	2.16375271111e+60	               0	   84.7403980739
109	2.16375271111e+60	2.52421481457e+60	               0	   14.2801674953
110	2.52421481457e+60	1.45612229923e+62	               0	   98.2664815889
111	1.45612229923e+62	2.10192016615e+65	               0	   99.9307241863
112	2.10192016615e+65	4.76341160037e+66	               0	   95.5873639683
113	4.76341160037e+66	6.65127671161e+66	               0	   28.3834997865
114	6.65127671161e+66	6.82810379741e+66	               0	   2.58969533925
115	6.82810379741e+66	7.08815906862e+66	               0	   3.66886900665
116	7.08815906862e+66	1.94226915076e+68	               0	   96.3505783605
117	1.94226915076e+68	4.0364260037e+71	               0	   99.9518814627
118	4.0364260037e+71	6.50187962761e+72	               0	   93.7919090557
119	6.50187962761e+72	8.94098753487e+72	               0	   27.2800727855
120	8.94098753487e+72	9.80505411702e+72	               0	   8.81246112294
121	9.80505411702e+72	 1.572531116e+74	               0	   93.7647948475
122	 1.572531116e+74	1.57954639629e+74	               0	   0.44413258816
123	1.57954639629e+74	1.69658032257e+76	               0	    99.068982249
124	1.69658032257e+76	1.8424162469e+76	               0	    7.9154710331
125	1.8424162469e+76	1.85490566678e+76	               0	  0.673318331135
126	1.85490566678e+76	5.77673730375e+76	               0	   67.8900810397
127	5.77673730375e+76	1.18859163167e+77	               0	   51.3984689961
128	1.18859163167e+77	4.02175892988e+77	               0	   70.4459751966
129	4.02175892988e+77	1.44605241551e+79	               0	   97.2188014164
130	1.44605241551e+79	2.70240504903e+79	               0	   46.4901674889
131	2.70240504903e+79	5.71040378899e+79	               0	   52.6757625398
132	5.71040378899e+79	3.93830189681e+80	               0	   85.5003401501
133	3.93830189681e+80	5.37949970822e+80	               0	   26.7905546905
134	5.37949970822e+80	2.03102857088e+82	               0	   97.3513421794
135	2.03102857088e+82	2.18536273177e+82	               0	   7.06217593295
136	2.18536273177e+82	5.97227962764e+82	               0	   63.4082315628
137	5.97227962764e+82	1.00721977888e+84	               0	   94.0705298358
138	1.00721977888e+84	3.71977791866e+84	               0	   72.9225829901
139	3.71977791866e+84	3.30078217793e+85	               0	    88.730616811
140	3.30078217793e+85	7.99202754626e+85	               0	   58.6990640507
141	7.99202754626e+85	9.22070586866e+85	               0	   13.3252089363
142	9.22070586866e+85	1.1133792922e+86	               0	   17.1827073375
143	1.1133792922e+86	1.22378705793e+87	               0	   90.9021811844
144	1.22378705793e+87	2.19527271487e+88	               0	    94.425352943
145	2.19527271487e+88	2.72128228264e+89	               0	   91.9329474606
146	2.72128228264e+89	3.13626240139e+89	               0	   13.2316772528
147	3.13626240139e+89	3.1382884178e+89	               0	 0.0645580055896
148	3.1382884178e+89	8.62269535983e+89	               0	   63.6043222352
149	8.62269535983e+89	1.27629344125e+91	               0	   93.2439554407
150	1.27629344125e+91	1.43920362343e+91	               0	    11.319467206
151	1.43920362343e+91	1.69032961509e+91	               0	   14.8566285187
152	1.69032961509e+91	5.02030559887e+93	               0	   99.6633014501
153	5.02030559887e+93	1.8034318686e+95	               0	   97.2162488163
154	1.8034318686e+95	2.64821178146e+96	               0	   93.1900013389
155	2.64821178146e+96	3.48212537603e+96	               0	   23.9484080702
156	3.48212537603e+96	1.72610763614e+97	               0	   79.8267193591
157	1.72610763614e+97	2.96621375929e+97	               0	   41.8077125852
158	2.96621375929e+97	8.61183690322e+97	               0	   65.5565497509
159	8.61183690322e+97	9.5829698225e+97	               0	   10.1339452932
160	9.5829698225e+97	1.44328493819e+98	               0	    33.603063616
161	1.44328493819e+98	5.46664343012e+98	               0	     73.59833403
162	5.46664343012e+98	 3.782576698e+99	               0	   85.5478318972
163	 3.782576698e+99	4.22299583964e+100	               0	   91.0429068802
164	4.22299583964e+100	5.76341677247e+100	               0	   26.7275644577
165	5.76341677247e+100	6.59352628237e+102	               0	   99.1258976569
166	6.59352628237e+102	1.81641226279e+104	               0	   96.3700276543
167	1.81641226279e+104	1.83182713361e+104	               0	  0.841502483305
168	1.83182713361e+104	1.74495775014e+106	               0	    98.950216913
169	1.74495775014e+106	8.25924591066e+110	               0	   99.9978872675
170	8.25924591066e+110	6.48302311065e+111	               0	   87.2601936324
171	6.48302311065e+111	9.35067447435e+111	               0	   30.6678557955
172	9.35067447435e+111	1.62455281584e+112	               0	   42.4415483254
173	1.62455281584e+112	3.90100427632e+112	               0	   58.3555233276
174	3.90100427632e+112	4.88444658749e+112	               0	    20.134160412
175	4.88444658749e+112	8.04922194446e+112	               0	   39.3177797656
176	8.04922194446e+112	1.02156638252e+113	               0	   21.2070592556
177	1.02156638252e+113	1.87183987597e+113	               0	   45.4244780422
178	1.87183987597e+113	9.67285912525e+113	               0	   80.6485357459
179	9.67285912525e+113	3.07693871483e+114	               0	    68.563367614
180	3.07693871483e+114	4.9382860861e+114	               0	   37.6921737383
181	4.9382860861e+114	2.61270450291e+115	               0	   81.0989490752
182	2.61270450291e+115	9.07957553377e+115	               0	   71.2243761485
183	9.07957553377e+115	1.33540077042e+116	               0	   32.0086094387
184	1.33540077042e+116	3.06384805811e+116	               0	   56.4142625517
185	3.06384805811e+116	7.81622569207e+116	               0	   60.8014382028
186	7.81622569207e+116	9.48327405571e+116	               0	   17.5788272473
187	9.48327405571e+116	1.09660213803e+119	               0	   99.1352128792
188	1.09660213803e+119	5.1040149558e+119	               0	   78.5149113486
189	5.1040149558e+119	5.18048120138e+119	               0	   1.47604522844
190	5.18048120138e+119	8.09764499433e+120	               0	   93.6024841729
191	8.09764499433e+120	8.10926892429e+120	               0	  0.143341280955
192	8.10926892429e+120	8.22235617975e+120	               0	   1.37536313183
193	8.22235617975e+120	1.33445282682e+121	               0	   38.3840626325
194	1.33445282682e+121	1.37034720214e+121	               0	    2.6193635639
195	1.37034720214e+121	2.7790677997e+121	               0	   50.6904004902
196	2.7790677997e+121	1.01146897805e+122	               0	   72.5244386136
197	1.01146897805e+122	1.42757293567e+122	               0	   29.1476496383
198	1.42757293567e+122	1.91409594325e+122	               0	   25.4179007741
199	1.91409594325e+122	5.93535590344e+122	               0	    67.750949153
200	5.93535590344e+122	6.0302795267e+122	               0	   1.57411647063
RESULTADO (200, 6.0302795267e+122)

Secante (1.2, 1.4)

1	             1.2	             1.4	   1.10930118201	             100
2	             1.4	   1.10930118201	   1.03434722484	   7.24649860006
3	   1.10930118201	   1.03434722484	  0.843364531993	   22.6453313607
4	   1.03434722484	  0.843364531993	  0.697960471627	   20.8327070481
5	  0.843364531993	  0.697960471627	  0.550624982773	   26.7578648742
6	  0.697960471627	  0.550624982773	  0.430218995402	   27.9871387962
7	  0.550624982773	  0.430218995402	  0.330670181174	   30.1051681997
8	  0.430218995402	  0.330670181174	  0.252562392258	   30.9261360004
9	  0.330670181174	  0.252562392258	  0.191876956207	   31.6272663745
10	  0.252562392258	  0.191876956207	  0.145403172278	   31.9620151342
11	  0.191876956207	  0.145403172278	   0.10999755653	   32.1876384036
12	  0.145403172278	   0.10999755653	 0.0831388489836	   32.3058448299
13	   0.10999755653	 0.0831388489836	 0.0628039999782	   32.3782705122
14	 0.0831388489836	 0.0628039999782	 0.0474286216426	   32.4179320485
15	 0.0628039999782	 0.0474286216426	 0.0358110601429	   32.4412666179
16	 0.0474286216426	 0.0358110601429	 0.0270365366183	    32.454317831
17	 0.0358110601429	 0.0270365366183	 0.0204108082852	   32.4618615813
18	 0.0270365366183	 0.0204108082852	 0.0154083231221	   32.4661231686
19	 0.0204108082852	 0.0154083231221	 0.0116316824834	   32.4685671585
20	 0.0154083231221	 0.0116316824834	0.00878061938496	    32.469954264
21	 0.0116316824834	0.00878061938496	0.00662834594472	   32.4707469736
22	0.00878061938496	0.00662834594472	0.00500361289997	   32.4711978569
23	0.00662834594472	0.00500361289997	0.00377712534017	    32.471455124
24	0.00500361289997	0.00377712534017	0.00285127174016	   32.4716016002
25	0.00377712534017	0.00285127174016	0.00215236315412	   32.4716851196
26	0.00285127174016	0.00215236315412	0.00162477164786	   32.4717326871
27	0.00215236315412	0.00162477164786	0.00122650416222	   32.4717598118
28	0.00162477164786	0.00122650416222	0.00092586074264	   32.4717752609
29	0.00122650416222	0.00092586074264	0.000698911658276	   32.4717840483
30	0.00092586074264	0.000698911658276	0.000527592827843	   32.4717891131
31	0.000698911658276	0.000527592827843	0.000398268054034	   32.4717919248
32	0.000527592827843	0.000398268054034	0.000300643664168	   32.4717935223
33	0.000398268054034	0.000300643664168	0.000226949189498	    32.471794604
34	0.000300643664168	0.000226949189498	0.000171318875256	   32.4717951594
35	0.000226949189498	0.000171318875256	0.000129324793163	   32.4717952882
36	0.000171318875256	0.000129324793163	9.76243977819e-05	   32.4717960893
37	0.000129324793163	9.76243977819e-05	7.36944775664e-05	   32.4717957244
38	9.76243977819e-05	7.36944775664e-05	5.56303145146e-05	   32.4717974533
39	7.36944775664e-05	5.56303145146e-05	4.19940829932e-05	   32.4717925705
40	5.56303145146e-05	4.19940829932e-05	3.17003964011e-05	    32.471791399
41	4.19940829932e-05	3.17003964011e-05	2.39299187327e-05	   32.4718096838
42	3.17003964011e-05	2.39299187327e-05	1.80641639048e-05	   32.4717759362
43	2.39299187327e-05	1.80641639048e-05	1.36362362359e-05	    32.471772946
44	1.80641639048e-05	1.36362362359e-05	1.02936894563e-05	   32.4718051171
45	1.36362362359e-05	1.02936894563e-05	7.77046960561e-06	   32.4719094053
46	1.02936894563e-05	7.77046960561e-06	5.86575294538e-06	   32.4718186731
47	7.77046960561e-06	5.86575294538e-06	4.42791942491e-06	   32.4719892683
48	5.86575294538e-06	4.42791942491e-06	3.3425312761e-06	   32.4720416699
49	4.42791942491e-06	3.3425312761e-06	2.52323576864e-06	   32.4700338212
50	3.3425312761e-06	2.52323576864e-06	1.90470386057e-06	   32.4739147579
51	2.52323576864e-06	1.90470386057e-06	1.43785412328e-06	    32.468504957
52	1.90470386057e-06	1.43785412328e-06	1.08541947972e-06	   32.4699022033
53	1.43785412328e-06	1.08541947972e-06	8.19308850503e-07	   32.4798919298
54	1.08541947972e-06	8.19308850503e-07	6.18595343239e-07	   32.4466566807
55	8.19308850503e-07	6.18595343239e-07	4.6694061412e-07	   32.4783761646
56	6.18595343239e-07	4.6694061412e-07	3.52440400498e-07	   32.4878230364
57	4.6694061412e-07	3.52440400498e-07	2.65859417046e-07	   32.5664535089
58	3.52440400498e-07	2.65859417046e-07	2.01197669912e-07	   32.1384174891
59	2.65859417046e-07	2.01197669912e-07	1.51121279274e-07	   33.1365581861
60	2.01197669912e-07	1.51121279274e-07	1.15233199316e-07	   31.1438718791
61	1.51121279274e-07	1.15233199316e-07	8.54537287135e-08	   34.8486497327
62	1.15233199316e-07	8.54537287135e-08	6.47375752506e-08	   32.0001998571
63	8.54537287135e-08	6.47375752506e-08	4.86250114462e-08	   33.1363702038
64	6.47375752506e-08	4.86250114462e-08	3.65405885928e-08	   33.0712320701
65	4.86250114462e-08	3.65405885928e-08	3.04983771662e-08	   19.8115833959
66	3.65405885928e-08	3.04983771662e-08	2.44561657395e-08	   24.7062908022
67	3.04983771662e-08	2.44561657395e-08	1.84139543128e-08	    32.813220474
68	2.44561657395e-08	1.84139543128e-08	             inf	             nan
RESULTADO (68, inf)

Secante (4.39159265359, 4.59159265359)

1	   4.39159265359	   4.59159265359	   4.44656000516	             100
2	   4.59159265359	   4.44656000516	    4.4719481018	  0.567718946343
3	   4.44656000516	    4.4719481018	   4.49820286809	  0.583672347894
4	    4.4719481018	   4.49820286809	   4.49292314511	  0.117511980876
5	   4.49820286809	   4.49292314511	   4.49339847159	 0.0105783293312
6	   4.49292314511	   4.49339847159	   4.49340948311	0.000245059181564
7	   4.49339847159	   4.49340948311	   4.49340945791	5.6081053425e-07
RESULTADO (7, 4.49340945791)

Secante (7.58318530718, 7.78318530718)

1	   7.58318530718	   7.78318530718	   7.66049300955	             100
2	   7.78318530718	   7.66049300955	   7.69584018168	  0.459302315232
3	   7.66049300955	   7.69584018168	    7.7403541531	  0.575089595826
4	   7.69584018168	    7.7403541531	   7.72175963667	  0.240806724158
5	    7.7403541531	   7.72175963667	   7.72483800714	 0.0398502916087
6	   7.72175963667	   7.72483800714	    7.7252631922	0.00550382622558
7	   7.72483800714	    7.7252631922	   7.72525180003	0.000147466706974
8	    7.7252631922	   7.72525180003	   7.72525183693	4.7776255831e-07
RESULTADO (8, 7.72525183693)

Secante (10.7747779608, 10.9747779608)

1	   10.7747779608	   10.9747779608	   10.8038847395	             100
2	   10.9747779608	   10.8038847395	    10.826472728	  0.208636636752
3	   10.8038847395	    10.826472728	   10.9910998851	   1.49782240898
4	    10.826472728	   10.9910998851	   10.8302345689	   1.48533547631
5	   10.9910998851	   10.8302345689	   10.8338149467	  0.033048172045
6	   10.8302345689	   10.8338149467	   10.9619514276	   1.16892034918
7	   10.8338149467	   10.9619514276	   10.8595019743	   0.94340839554
8	   10.9619514276	   10.8595019743	   10.8758203654	  0.150042852804
9	   10.8595019743	   10.8758203654	   10.9180810837	  0.387070932983
10	   10.8758203654	   10.9180810837	   10.8997748782	  0.167950308058
11	   10.9180810837	   10.8997748782	   10.9034548673	 0.0337506697353
12	   10.8997748782	   10.9034548673	   10.9041535396	0.00640739590234
13	   10.9034548673	   10.9041535396	   10.9041214257	0.000294511525186
14	   10.9041535396	   10.9041214257	   10.9041216593	2.14295299255e-06
RESULTADO (14, 10.9041216593)

Secante (13.9663706144, 14.1663706144)

1	   13.9663706144	   14.1663706144	   13.9257621016	             100
2	   14.1663706144	   13.9257621016	   13.8687887615	  0.410802565633
3	   13.9257621016	   13.8687887615	   14.4720340129	   4.16835153077
4	   13.8687887615	   14.4720340129	   13.0010026136	   11.3147535078
5	   14.4720340129	   13.0010026136	   9.16616677717	   41.8368542669
6	   13.0010026136	   9.16616677717	  -2.47725757789	   470.012664771
7	   9.16616677717	  -2.47725757789	  0.513943282586	   582.009914678
8	  -2.47725757789	  0.513943282586	  0.561101990417	   8.40465880298
9	  0.513943282586	  0.561101990417	   0.37172344702	   50.9460850305
10	  0.561101990417	   0.37172344702	   0.30204719365	   23.0680022311
11	   0.37172344702	   0.30204719365	  0.224719100942	   34.4110012827
12	   0.30204719365	  0.224719100942	  0.172093643355	   30.5795476003
13	  0.224719100942	  0.172093643355	  0.129841271883	   32.5415569795
14	  0.172093643355	  0.129841271883	 0.0983195184355	   32.0605246534
15	  0.129841271883	 0.0983195184355	 0.0742535234746	   32.4105764073
16	 0.0983195184355	 0.0742535234746	 0.0560955560057	   32.3697076237
17	 0.0742535234746	 0.0560955560057	 0.0423556365563	    32.439412004
18	 0.0560955560057	 0.0423556365563	 0.0319801857986	   32.4433723527
19	 0.0423556365563	 0.0319801857986	 0.0241433824356	   32.4594260304
20	 0.0319801857986	 0.0241433824356	 0.0182264732049	   32.4632701248
21	 0.0241433824356	 0.0182264732049	 0.0137592032452	   32.4675046951
22	 0.0182264732049	 0.0137592032452	 0.0103867241017	   32.4691318512
23	 0.0137592032452	 0.0103867241017	0.00784079092345	   32.4703617666
24	 0.0103867241017	0.00784079092345	0.00591887590979	   32.4709462228
25	0.00784079092345	0.00591887590979	0.00446804314104	   32.4713240887
26	0.00591887590979	0.00446804314104	0.00337283294379	   32.4715221744
27	0.00446804314104	0.00337283294379	0.00254607922181	   32.4716416873
28	0.00337283294379	0.00254607922181	0.00192197962481	   32.4717072412
29	0.00254607922181	0.00192197962481	0.00145086004302	   32.4717455732
30	0.00192197962481	0.00145086004302	0.00109522208046	   32.4717670411
31	0.00145086004302	0.00109522208046	0.000826758789936	   32.4717794109
32	0.00109522208046	0.000826758789936	0.000624101789645	   32.4717864382
33	0.000826758789936	0.000624101789645	0.000471120521373	   32.4717904087
34	0.000624101789645	0.000471120521373	0.000355638367793	   32.4717927079
35	0.000471120521373	0.000355638367793	0.000268463464643	     32.47179398
36	0.000355638367793	0.000268463464643	0.000202657075019	   32.4717948373
37	0.000268463464643	0.000202657075019	0.00015298130061	   32.4717950569
38	0.000202657075019	0.00015298130061	0.000115482166987	   32.4717959502
39	0.00015298130061	0.000115482166987	8.71749087309e-05	     32.47179569
40	0.000115482166987	8.71749087309e-05	6.58063923095e-05	    32.471794413
41	8.71749087309e-05	6.58063923095e-05	4.96757766635e-05	    32.471793557
42	6.58063923095e-05	4.96757766635e-05	3.74991346556e-05	   32.4717946687
43	4.96757766635e-05	3.74991346556e-05	2.83072569833e-05	   32.4718063561
44	3.74991346556e-05	2.83072569833e-05	2.13685158716e-05	   32.4717970744
45	2.83072569833e-05	2.13685158716e-05	1.61306200862e-05	   32.4717571763
46	2.13685158716e-05	1.61306200862e-05	1.21766483651e-05	   32.4717574374
47	1.61306200862e-05	1.21766483651e-05	9.19187450951e-06	   32.4718734192
48	1.21766483651e-05	9.19187450951e-06	6.93874512381e-06	   32.4717127591
49	9.19187450951e-06	6.93874512381e-06	5.23790787213e-06	   32.4716908583
50	6.93874512381e-06	5.23790787213e-06	3.95395340247e-06	   32.4726757997
51	5.23790787213e-06	3.95395340247e-06	2.98478232143e-06	    32.470410793
52	3.95395340247e-06	2.98478232143e-06	2.25312335396e-06	   32.4730985628
53	2.98478232143e-06	2.25312335396e-06	1.70079015891e-06	   32.4750935414
54	2.25312335396e-06	1.70079015891e-06	1.28398366286e-06	    32.461978147
55	1.70079015891e-06	1.28398366286e-06	9.69205955508e-07	   32.4778965258
56	1.28398366286e-06	9.69205955508e-07	7.31672277449e-07	   32.4644906443
57	9.69205955508e-07	7.31672277449e-07	5.52321986544e-07	   32.4720534894
58	7.31672277449e-07	5.52321986544e-07	4.17107684724e-07	   32.4171207513
59	5.52321986544e-07	4.17107684724e-07	3.14631837408e-07	   32.5700819601
60	4.17107684724e-07	3.14631837408e-07	2.37676794979e-07	   32.3780209321
61	3.14631837408e-07	2.37676794979e-07	1.79356605873e-07	   32.5163318192
62	2.37676794979e-07	1.79356605873e-07	1.35008962074e-07	    32.847925884
63	1.79356605873e-07	1.35008962074e-07	1.02276177366e-07	   32.0043098518
64	1.35008962074e-07	1.02276177366e-07	7.7025172019e-08	   32.7827964351
65	1.02276177366e-07	7.7025172019e-08	5.68243677416e-08	   35.5495451692
66	7.7025172019e-08	5.68243677416e-08	4.47038851751e-08	    27.112816971
67	5.68243677416e-08	4.47038851751e-08	2.95532819671e-08	   51.2653830628
68	4.47038851751e-08	2.95532819671e-08	2.30601663065e-08	   28.1572802828
69	2.95532819671e-08	2.30601663065e-08	1.98136084762e-08	   16.3854950207
70	2.30601663065e-08	1.98136084762e-08	             inf	             nan
RESULTADO (70, inf)
