Executa todos os metodos

Bissecao (-0.1, 0.1)

1	            -0.1	             0.1	               0	             100
2	            -0.1	               0	           -0.05	             100
3	           -0.05	               0	          -0.025	             100
4	          -0.025	               0	         -0.0125	             100
5	         -0.0125	               0	        -0.00625	             100
6	        -0.00625	               0	       -0.003125	             100
7	       -0.003125	               0	      -0.0015625	             100
8	      -0.0015625	               0	     -0.00078125	             100
9	     -0.00078125	               0	    -0.000390625	             100
10	    -0.000390625	               0	   -0.0001953125	             100
11	   -0.0001953125	               0	   -9.765625e-05	             100
12	   -9.765625e-05	               0	  -4.8828125e-05	             100
13	  -4.8828125e-05	               0	 -2.44140625e-05	             100
14	 -2.44140625e-05	               0	-1.220703125e-05	             100
15	-1.220703125e-05	               0	-6.103515625e-06	             100
16	-6.103515625e-06	               0	-3.0517578125e-06	             100
17	-3.0517578125e-06	               0	-1.52587890625e-06	             100
18	-1.52587890625e-06	               0	-7.62939453125e-07	             100
19	-7.62939453125e-07	               0	-3.81469726563e-07	             100
20	-3.81469726563e-07	               0	-1.90734863281e-07	             100
21	-1.90734863281e-07	               0	-9.53674316406e-08	             100
22	-9.53674316406e-08	               0	-4.76837158203e-08	             100
23	-4.76837158203e-08	               0	-2.38418579102e-08	             100
24	-2.38418579102e-08	               0	-1.19209289551e-08	             100
25	-1.19209289551e-08	               0	-5.96046447754e-09	             100
26	-5.96046447754e-09	               0	-2.98023223877e-09	             100
27	-2.98023223877e-09	               0	-1.49011611938e-09	             100
28	-1.49011611938e-09	               0	-7.45058059692e-10	             100
29	-7.45058059692e-10	               0	-3.72529029846e-10	             100
30	-3.72529029846e-10	               0	-1.86264514923e-10	             100
31	-1.86264514923e-10	               0	-9.31322574615e-11	             100
32	-9.31322574615e-11	               0	-4.65661287308e-11	             100
33	-4.65661287308e-11	               0	-2.32830643654e-11	             100
34	-2.32830643654e-11	               0	-1.16415321827e-11	             100
35	-1.16415321827e-11	               0	-5.82076609135e-12	             100
36	-5.82076609135e-12	               0	-2.91038304567e-12	             100
37	-2.91038304567e-12	               0	-1.45519152284e-12	             100
38	-1.45519152284e-12	               0	-7.27595761418e-13	             100
39	-7.27595761418e-13	               0	-3.63797880709e-13	             100
40	-3.63797880709e-13	               0	-1.81898940355e-13	             100
41	-1.81898940355e-13	               0	-9.09494701773e-14	             100
42	-9.09494701773e-14	               0	-4.54747350886e-14	             100
43	-4.54747350886e-14	               0	-2.27373675443e-14	             100
44	-2.27373675443e-14	               0	-1.13686837722e-14	             100
45	-1.13686837722e-14	               0	-5.68434188608e-15	             100
46	-5.68434188608e-15	               0	-2.84217094304e-15	             100
47	-2.84217094304e-15	               0	-1.42108547152e-15	             100
48	-1.42108547152e-15	               0	-7.1054273576e-16	             100
49	-7.1054273576e-16	               0	-3.5527136788e-16	             100
50	-3.5527136788e-16	               0	-1.7763568394e-16	             100
51	-1.7763568394e-16	               0	-8.881784197e-17	             100
52	-8.881784197e-17	               0	-4.4408920985e-17	             100
53	-4.4408920985e-17	               0	-2.22044604925e-17	             100
54	-2.22044604925e-17	               0	-1.11022302463e-17	             100
55	-1.11022302463e-17	               0	-5.55111512313e-18	             100
56	-5.55111512313e-18	               0	-2.77555756156e-18	             100
57	-2.77555756156e-18	               0	-1.38777878078e-18	             100
58	-1.38777878078e-18	               0	-6.93889390391e-19	             100
59	-6.93889390391e-19	               0	-3.46944695195e-19	             100
60	-3.46944695195e-19	               0	-1.73472347598e-19	             100
61	-1.73472347598e-19	               0	-8.67361737988e-20	             100
62	-8.67361737988e-20	               0	-4.33680868994e-20	             100
63	-4.33680868994e-20	               0	-2.16840434497e-20	             100
64	-2.16840434497e-20	               0	-1.08420217249e-20	             100
65	-1.08420217249e-20	               0	-5.42101086243e-21	             100
66	-5.42101086243e-21	               0	-2.71050543121e-21	             100
67	-2.71050543121e-21	               0	-1.35525271561e-21	             100
68	-1.35525271561e-21	               0	-6.77626357803e-22	             100
69	-6.77626357803e-22	               0	-3.38813178902e-22	             100
70	-3.38813178902e-22	               0	-1.69406589451e-22	             100
71	-1.69406589451e-22	               0	-8.47032947254e-23	             100
72	-8.47032947254e-23	               0	-4.23516473627e-23	             100
73	-4.23516473627e-23	               0	-2.11758236814e-23	             100
74	-2.11758236814e-23	               0	-1.05879118407e-23	             100
75	-1.05879118407e-23	               0	-5.29395592034e-24	             100
76	-5.29395592034e-24	               0	-2.64697796017e-24	             100
77	-2.64697796017e-24	               0	-1.32348898008e-24	             100
78	-1.32348898008e-24	               0	-6.61744490042e-25	             100
79	-6.61744490042e-25	               0	-3.30872245021e-25	             100
80	-3.30872245021e-25	               0	-1.65436122511e-25	             100
81	-1.65436122511e-25	               0	-8.27180612553e-26	             100
82	-8.27180612553e-26	               0	-4.13590306277e-26	             100
83	-4.13590306277e-26	               0	-2.06795153138e-26	             100
84	-2.06795153138e-26	               0	-1.03397576569e-26	             100
85	-1.03397576569e-26	               0	-5.16987882846e-27	             100
86	-5.16987882846e-27	               0	-2.58493941423e-27	             100
87	-2.58493941423e-27	               0	-1.29246970711e-27	             100
88	-1.29246970711e-27	               0	-6.46234853557e-28	             100
89	-6.46234853557e-28	               0	-3.23117426779e-28	             100
90	-3.23117426779e-28	               0	-1.61558713389e-28	             100
91	-1.61558713389e-28	               0	-8.07793566946e-29	             100
92	-8.07793566946e-29	               0	-4.03896783473e-29	             100
93	-4.03896783473e-29	               0	-2.01948391737e-29	             100
94	-2.01948391737e-29	               0	-1.00974195868e-29	             100
95	-1.00974195868e-29	               0	-5.04870979341e-30	             100
96	-5.04870979341e-30	               0	-2.52435489671e-30	             100
97	-2.52435489671e-30	               0	-1.26217744835e-30	             100
98	-1.26217744835e-30	               0	-6.31088724177e-31	             100
99	-6.31088724177e-31	               0	-3.15544362088e-31	             100
100	-3.15544362088e-31	               0	-1.57772181044e-31	             100
101	-1.57772181044e-31	               0	-7.88860905221e-32	             100
102	-7.88860905221e-32	               0	-3.94430452611e-32	             100
103	-3.94430452611e-32	               0	-1.97215226305e-32	             100
104	-1.97215226305e-32	               0	-9.86076131526e-33	             100
105	-9.86076131526e-33	               0	-4.93038065763e-33	             100
106	-4.93038065763e-33	               0	-2.46519032882e-33	             100
107	-2.46519032882e-33	               0	-1.23259516441e-33	             100
108	-1.23259516441e-33	               0	-6.16297582204e-34	             100
109	-6.16297582204e-34	               0	-3.08148791102e-34	             100
110	-3.08148791102e-34	               0	-1.54074395551e-34	             100
111	-1.54074395551e-34	               0	-7.70371977755e-35	             100
112	-7.70371977755e-35	               0	-3.85185988877e-35	             100
113	-3.85185988877e-35	               0	-1.92592994439e-35	             100
114	-1.92592994439e-35	               0	-9.62964972194e-36	             100
115	-9.62964972194e-36	               0	-4.81482486097e-36	             100
116	-4.81482486097e-36	               0	-2.40741243048e-36	             100
117	-2.40741243048e-36	               0	-1.20370621524e-36	             100
118	-1.20370621524e-36	               0	-6.01853107621e-37	             100
119	-6.01853107621e-37	               0	-3.00926553811e-37	             100
120	-3.00926553811e-37	               0	-1.50463276905e-37	             100
121	-1.50463276905e-37	               0	-7.52316384526e-38	             100
122	-7.52316384526e-38	               0	-3.76158192263e-38	             100
123	-3.76158192263e-38	               0	-1.88079096132e-38	             100
124	-1.88079096132e-38	               0	-9.40395480658e-39	             100
125	-9.40395480658e-39	               0	-4.70197740329e-39	             100
126	-4.70197740329e-39	               0	-2.35098870164e-39	             100
127	-2.35098870164e-39	               0	-1.17549435082e-39	             100
128	-1.17549435082e-39	               0	-5.87747175411e-40	             100
129	-5.87747175411e-40	               0	-2.93873587706e-40	             100
130	-2.93873587706e-40	               0	-1.46936793853e-40	             100
131	-1.46936793853e-40	               0	-7.34683969264e-41	             100
132	-7.34683969264e-41	               0	-3.67341984632e-41	             100
133	-3.67341984632e-41	               0	-1.83670992316e-41	             100
134	-1.83670992316e-41	               0	-9.1835496158e-42	             100
135	-9.1835496158e-42	               0	-4.5917748079e-42	             100
136	-4.5917748079e-42	               0	-2.29588740395e-42	             100
137	-2.29588740395e-42	               0	-1.14794370197e-42	             100
138	-1.14794370197e-42	               0	-5.73971850987e-43	             100
139	-5.73971850987e-43	               0	-2.86985925494e-43	             100
140	-2.86985925494e-43	               0	-1.43492962747e-43	             100
141	-1.43492962747e-43	               0	-7.17464813734e-44	             100
142	-7.17464813734e-44	               0	-3.58732406867e-44	             100
143	-3.58732406867e-44	               0	-1.79366203434e-44	             100
144	-1.79366203434e-44	               0	-8.96831017168e-45	             100
145	-8.96831017168e-45	               0	-4.48415508584e-45	             100
146	-4.48415508584e-45	               0	-2.24207754292e-45	             100
147	-2.24207754292e-45	               0	-1.12103877146e-45	             100
148	-1.12103877146e-45	               0	-5.6051938573e-46	             100
149	-5.6051938573e-46	               0	-2.80259692865e-46	             100
150	-2.80259692865e-46	               0	-1.40129846432e-46	             100
151	-1.40129846432e-46	               0	-7.00649232162e-47	             100
152	-7.00649232162e-47	               0	-3.50324616081e-47	             100
153	-3.50324616081e-47	               0	-1.75162308041e-47	             100
154	-1.75162308041e-47	               0	-8.75811540203e-48	             100
155	-8.75811540203e-48	               0	-4.37905770102e-48	             100
156	-4.37905770102e-48	               0	-2.18952885051e-48	             100
157	-2.18952885051e-48	               0	-1.09476442525e-48	             100
158	-1.09476442525e-48	               0	-5.47382212627e-49	             100
159	-5.47382212627e-49	               0	-2.73691106313e-49	             100
160	-2.73691106313e-49	               0	-1.36845553157e-49	             100
161	-1.36845553157e-49	               0	-6.84227765784e-50	             100
162	-6.84227765784e-50	               0	-3.42113882892e-50	             100
163	-3.42113882892e-50	               0	-1.71056941446e-50	             100
164	-1.71056941446e-50	               0	-8.5528470723e-51	             100
165	-8.5528470723e-51	               0	-4.27642353615e-51	             100
166	-4.27642353615e-51	               0	-2.13821176807e-51	             100
167	-2.13821176807e-51	               0	-1.06910588404e-51	             100
168	-1.06910588404e-51	               0	-5.34552942018e-52	             100
169	-5.34552942018e-52	               0	-2.67276471009e-52	             100
170	-2.67276471009e-52	               0	-1.33638235505e-52	             100
171	-1.33638235505e-52	               0	-6.68191177523e-53	             100
172	-6.68191177523e-53	               0	-3.34095588762e-53	             100
173	-3.34095588762e-53	               0	-1.67047794381e-53	             100
174	-1.67047794381e-53	               0	-8.35238971904e-54	             100
175	-8.35238971904e-54	               0	-4.17619485952e-54	             100
176	-4.17619485952e-54	               0	-2.08809742976e-54	             100
177	-2.08809742976e-54	               0	-1.04404871488e-54	             100
178	-1.04404871488e-54	               0	-5.2202435744e-55	             100
179	-5.2202435744e-55	               0	-2.6101217872e-55	             100
180	-2.6101217872e-55	               0	-1.3050608936e-55	             100
181	-1.3050608936e-55	               0	-6.525304468e-56	             100
182	-6.525304468e-56	               0	-3.262652234e-56	             100
183	-3.262652234e-56	               0	-1.631326117e-56	             100
184	-1.631326117e-56	               0	-8.156630585e-57	             100
185	-8.156630585e-57	               0	-4.0783152925e-57	             100
186	-4.0783152925e-57	               0	-2.03915764625e-57	             100
187	-2.03915764625e-57	               0	-1.01957882312e-57	             100
188	-1.01957882312e-57	               0	-5.09789411562e-58	             100
189	-5.09789411562e-58	               0	-2.54894705781e-58	             100
190	-2.54894705781e-58	               0	-1.27447352891e-58	             100
191	-1.27447352891e-58	               0	-6.37236764453e-59	             100
192	-6.37236764453e-59	               0	-3.18618382226e-59	             100
193	-3.18618382226e-59	               0	-1.59309191113e-59	             100
194	-1.59309191113e-59	               0	-7.96545955566e-60	             100
195	-7.96545955566e-60	               0	-3.98272977783e-60	             100
196	-3.98272977783e-60	               0	-1.99136488892e-60	             100
197	-1.99136488892e-60	               0	-9.95682444458e-61	             100
198	-9.95682444458e-61	               0	-4.97841222229e-61	             100
199	-4.97841222229e-61	               0	-2.48920611114e-61	             100
200	-2.48920611114e-61	               0	-1.24460305557e-61	             100
RESULTADO (200, -1.24460305557e-61)

Bissecao (1.86, 2.06)

1	            1.86	            2.06	            1.96	   5.10204081633
2	            1.86	            1.96	            1.91	   2.61780104712
3	            1.91	            1.96	           1.935	   1.29198966408
4	           1.935	            1.96	          1.9475	  0.641848523748
5	          1.9475	            1.96	         1.95375	  0.319897632758
6	         1.95375	            1.96	        1.956875	  0.159693388694
7	        1.956875	            1.96	       1.9584375	 0.0797829902665
8	        1.956875	       1.9584375	      1.95765625	 0.0399074147977
9	      1.95765625	       1.9584375	     1.958046875	 0.0199497266887
10	     1.958046875	       1.9584375	    1.9582421875	0.00997386846462
11	     1.958046875	    1.9582421875	   1.95814453125	0.00498718293985
12	   1.95814453125	    1.9582421875	   1.95819335938	 0.0024935292915
13	   1.95819335938	    1.9582421875	   1.95821777344	0.00124674910172
14	   1.95819335938	   1.95821777344	   1.95820556641	0.000623378436843
15	   1.95820556641	   1.95821777344	   1.95821166992	0.000311688246929
16	   1.95821166992	   1.95821777344	   1.95821472168	0.000155843880585
17	   1.95821472168	   1.95821777344	   1.95821624756	7.79218795687e-05
RESULTADO (17, 1.95821624756)

Bissecao (3.58, 3.78)

1	            3.58	            3.78	            3.68	   2.71739130435
2	            3.58	            3.68	            3.63	   1.37741046832
3	            3.63	            3.68	           3.655	  0.683994528044
4	           3.655	            3.68	          3.6675	  0.340831629175
5	          3.6675	            3.68	         3.67375	  0.170125893161
6	         3.67375	            3.68	        3.676875	 0.0849906510284
7	        3.676875	            3.68	       3.6784375	 0.0424772746581
8	        3.676875	       3.6784375	      3.67765625	 0.0212431490844
9	      3.67765625	       3.6784375	     3.678046875	 0.0106204464836
10	      3.67765625	     3.678046875	    3.6778515625	0.00531050524146
11	    3.6778515625	     3.678046875	   3.67794921875	0.00265518211894
12	   3.67794921875	     3.678046875	   3.67799804687	0.00132757343472
13	   3.67794921875	   3.67799804687	   3.67797363281	0.00066379112351
14	   3.67794921875	   3.67797363281	   3.67796142578	0.000331896663305
15	   3.67796142578	   3.67797363281	    3.6779675293	0.000165948056265
16	   3.67796142578	    3.6779675293	   3.67796447754	8.29740969732e-05
RESULTADO (16, 3.67796447754)

Bissecao (5.22, 5.42)

1	            5.22	            5.42	            5.32	   1.87969924812
2	            5.22	            5.32	            5.27	  0.948766603416
3	            5.27	            5.32	           5.295	  0.472143531634
4	           5.295	            5.32	          5.3075	  0.235515779557
5	          5.3075	            5.32	         5.31375	  0.117619383674
6	         5.31375	            5.32	        5.316875	 0.0587751263665
7	        5.316875	            5.32	       5.3184375	 0.0293789294318
8	        5.316875	       5.3184375	      5.31765625	 0.0146916228366
9	      5.31765625	       5.3184375	     5.318046875	 0.0073452718485
10	      5.31765625	     5.318046875	    5.3178515625	0.00367277081175
11	    5.3178515625	     5.318046875	   5.31794921875	0.00183635168337
12	    5.3178515625	   5.31794921875	   5.31790039063	0.000918184272225
13	   5.31790039063	   5.31794921875	   5.31792480469	0.000459090028466
14	   5.31792480469	   5.31794921875	   5.31793701172	0.000229544487325
15	   5.31792480469	   5.31793701172	    5.3179309082	0.000114772375381
16	   5.31792480469	    5.3179309082	   5.31792785645	5.73862206306e-05
RESULTADO (16, 5.31792785645)

Bissecao (6.82, 7.02)

1	            6.82	            7.02	            6.92	    1.4450867052
2	            6.92	            7.02	            6.97	  0.717360114778
3	            6.92	            6.97	           6.945	  0.359971202304
4	            6.92	           6.945	          6.9325	   0.18031013343
5	            6.92	          6.9325	         6.92625	 0.0902364194189
6	         6.92625	          6.9325	        6.929375	 0.0450978623613
7	         6.92625	        6.929375	       6.9278125	 0.0225540168704
8	       6.9278125	        6.929375	      6.92859375	 0.0112757368694
9	       6.9278125	      6.92859375	     6.928203125	0.00563818630824
10	       6.9278125	     6.928203125	    6.9280078125	0.00281917262921
11	    6.9280078125	     6.928203125	   6.92810546875	0.00140956644554
12	    6.9280078125	   6.92810546875	   6.92805664062	0.000704788189995
13	   6.92805664062	   6.92810546875	   6.92808105469	0.000352392853186
14	   6.92805664062	   6.92808105469	   6.92806884766	0.000176196737045
15	   6.92805664062	   6.92806884766	   6.92806274414	8.80984461295e-05
RESULTADO (15, 6.92806274414)

Falsa Posicao (-0.1, 0.1)

1	            -0.1	             0.1	               0	             100
2	            -0.1	               0	               0	             100
3	            -0.1	               0	               0	             100
4	            -0.1	               0	               0	             100
5	            -0.1	               0	               0	             100
6	            -0.1	               0	               0	             100
7	            -0.1	               0	               0	             100
8	            -0.1	               0	               0	             100
9	            -0.1	               0	               0	             100
10	            -0.1	               0	               0	             100
11	            -0.1	               0	               0	             100
12	            -0.1	               0	               0	             100
13	            -0.1	               0	               0	             100
14	            -0.1	               0	               0	             100
15	            -0.1	               0	               0	             100
16	            -0.1	               0	               0	             100
17	            -0.1	               0	               0	             100
18	            -0.1	               0	               0	             100
19	            -0.1	               0	               0	             100
20	            -0.1	               0	               0	             100
21	            -0.1	               0	               0	             100
22	            -0.1	               0	               0	             100
23	            -0.1	               0	               0	             100
24	            -0.1	               0	               0	             100
25	            -0.1	               0	               0	             100
26	            -0.1	               0	               0	             100
27	            -0.1	               0	               0	             100
28	            -0.1	               0	               0	             100
29	            -0.1	               0	               0	             100
30	            -0.1	               0	               0	             100
31	            -0.1	               0	               0	             100
32	            -0.1	               0	               0	             100
33	            -0.1	               0	               0	             100
34	            -0.1	               0	               0	             100
35	            -0.1	               0	               0	             100
36	            -0.1	               0	               0	             100
37	            -0.1	               0	               0	             100
38	            -0.1	               0	               0	             100
39	            -0.1	               0	               0	             100
40	            -0.1	               0	               0	             100
41	            -0.1	               0	               0	             100
42	            -0.1	               0	               0	             100
43	            -0.1	               0	               0	             100
44	            -0.1	               0	               0	             100
45	            -0.1	               0	               0	             100
46	            -0.1	               0	               0	             100
47	            -0.1	               0	               0	             100
48	            -0.1	               0	               0	             100
49	            -0.1	               0	               0	             100
50	            -0.1	               0	               0	             100
51	            -0.1	               0	               0	             100
52	            -0.1	               0	               0	             100
53	            -0.1	               0	               0	             100
54	            -0.1	               0	               0	             100
55	            -0.1	               0	               0	             100
56	            -0.1	               0	               0	             100
57	            -0.1	               0	               0	             100
58	            -0.1	               0	               0	             100
59	            -0.1	               0	               0	             100
60	            -0.1	               0	               0	             100
61	            -0.1	               0	               0	             100
62	            -0.1	               0	               0	             100
63	            -0.1	               0	               0	             100
64	            -0.1	               0	               0	             100
65	            -0.1	               0	               0	             100
66	            -0.1	               0	               0	             100
67	            -0.1	               0	               0	             100
68	            -0.1	               0	               0	             100
69	            -0.1	               0	               0	             100
70	            -0.1	               0	               0	             100
71	            -0.1	               0	               0	             100
72	            -0.1	               0	               0	             100
73	            -0.1	               0	               0	             100
74	            -0.1	               0	               0	             100
75	            -0.1	               0	               0	             100
76	            -0.1	               0	               0	             100
77	            -0.1	               0	               0	             100
78	            -0.1	               0	               0	             100
79	            -0.1	               0	               0	             100
80	            -0.1	               0	               0	             100
81	            -0.1	               0	               0	             100
82	            -0.1	               0	               0	             100
83	            -0.1	               0	               0	             100
84	            -0.1	               0	               0	             100
85	            -0.1	               0	               0	             100
86	            -0.1	               0	               0	             100
87	            -0.1	               0	               0	             100
88	            -0.1	               0	               0	             100
89	            -0.1	               0	               0	             100
90	            -0.1	               0	               0	             100
91	            -0.1	               0	               0	             100
92	            -0.1	               0	               0	             100
93	            -0.1	               0	               0	             100
94	            -0.1	               0	               0	             100
95	            -0.1	               0	               0	             100
96	            -0.1	               0	               0	             100
97	            -0.1	               0	               0	             100
98	            -0.1	               0	               0	             100
99	            -0.1	               0	               0	             100
100	            -0.1	               0	               0	             100
101	            -0.1	               0	               0	             100
102	            -0.1	               0	               0	             100
103	            -0.1	               0	               0	             100
104	            -0.1	               0	               0	             100
105	            -0.1	               0	               0	             100
106	            -0.1	               0	               0	             100
107	            -0.1	               0	               0	             100
108	            -0.1	               0	               0	             100
109	            -0.1	               0	               0	             100
110	            -0.1	               0	               0	             100
111	            -0.1	               0	               0	             100
112	            -0.1	               0	               0	             100
113	            -0.1	               0	               0	             100
114	            -0.1	               0	               0	             100
115	            -0.1	               0	               0	             100
116	            -0.1	               0	               0	             100
117	            -0.1	               0	               0	             100
118	            -0.1	               0	               0	             100
119	            -0.1	               0	               0	             100
120	            -0.1	               0	               0	             100
121	            -0.1	               0	               0	             100
122	            -0.1	               0	               0	             100
123	            -0.1	               0	               0	             100
124	            -0.1	               0	               0	             100
125	            -0.1	               0	               0	             100
126	            -0.1	               0	               0	             100
127	            -0.1	               0	               0	             100
128	            -0.1	               0	               0	             100
129	            -0.1	               0	               0	             100
130	            -0.1	               0	               0	             100
131	            -0.1	               0	               0	             100
132	            -0.1	               0	               0	             100
133	            -0.1	               0	               0	             100
134	            -0.1	               0	               0	             100
135	            -0.1	               0	               0	             100
136	            -0.1	               0	               0	             100
137	            -0.1	               0	               0	             100
138	            -0.1	               0	               0	             100
139	            -0.1	               0	               0	             100
140	            -0.1	               0	               0	             100
141	            -0.1	               0	               0	             100
142	            -0.1	               0	               0	             100
143	            -0.1	               0	               0	             100
144	            -0.1	               0	               0	             100
145	            -0.1	               0	               0	             100
146	            -0.1	               0	               0	             100
147	            -0.1	               0	               0	             100
148	            -0.1	               0	               0	             100
149	            -0.1	               0	               0	             100
150	            -0.1	               0	               0	             100
151	            -0.1	               0	               0	             100
152	            -0.1	               0	               0	             100
153	            -0.1	               0	               0	             100
154	            -0.1	               0	               0	             100
155	            -0.1	               0	               0	             100
156	            -0.1	               0	               0	             100
157	            -0.1	               0	               0	             100
158	            -0.1	               0	               0	             100
159	            -0.1	               0	               0	             100
160	            -0.1	               0	               0	             100
161	            -0.1	               0	               0	             100
162	            -0.1	               0	               0	             100
163	            -0.1	               0	               0	             100
164	            -0.1	               0	               0	             100
165	            -0.1	               0	               0	             100
166	            -0.1	               0	               0	             100
167	            -0.1	               0	               0	             100
168	            -0.1	               0	               0	             100
169	            -0.1	               0	               0	             100
170	            -0.1	               0	               0	             100
171	            -0.1	               0	               0	             100
172	            -0.1	               0	               0	             100
173	            -0.1	               0	               0	             100
174	            -0.1	               0	               0	             100
175	            -0.1	               0	               0	             100
176	            -0.1	               0	               0	             100
177	            -0.1	               0	               0	             100
178	            -0.1	               0	               0	             100
179	            -0.1	               0	               0	             100
180	            -0.1	               0	               0	             100
181	            -0.1	               0	               0	             100
182	            -0.1	               0	               0	             100
183	            -0.1	               0	               0	             100
184	            -0.1	               0	               0	             100
185	            -0.1	               0	               0	             100
186	            -0.1	               0	               0	             100
187	            -0.1	               0	               0	             100
188	            -0.1	               0	               0	             100
189	            -0.1	               0	               0	             100
190	            -0.1	               0	               0	             100
191	            -0.1	               0	               0	             100
192	            -0.1	               0	               0	             100
193	            -0.1	               0	               0	             100
194	            -0.1	               0	               0	             100
195	            -0.1	               0	               0	             100
196	            -0.1	               0	               0	             100
197	            -0.1	               0	               0	             100
198	            -0.1	               0	               0	             100
199	            -0.1	               0	               0	             100
200	            -0.1	               0	               0	             100
RESULTADO (200, 0)

Falsa Posicao (1.86, 2.06)

1	            1.86	            2.06	   1.93561448391	   3.90648471266
2	   1.93561448391	            2.06	   1.95289476137	  0.884854514384
3	   1.95289476137	            2.06	   1.95695816855	  0.207638939088
4	   1.95695816855	            2.06	   1.95791932868	 0.0490908957105
5	   1.95791932868	            2.06	   1.95814699107	  0.011626419502
6	   1.95814699107	            2.06	    1.9582009329	0.00275466264923
7	    1.9582009329	            2.06	   1.95821371472	0.000652728885989
8	   1.95821371472	            2.06	    1.9582167435	0.000154670393054
9	    1.9582167435	            2.06	   1.95821746121	3.66508374213e-05
RESULTADO (9, 1.95821746121)

Falsa Posicao (3.58, 3.78)

1	            3.58	            3.78	   3.63878106032	     1.615405251
2	   3.63878106032	            3.78	   3.66221169272	  0.639794593198
3	   3.66221169272	            3.78	   3.67161917921	  0.256221738473
4	   3.67161917921	            3.78	   3.67540634337	  0.103040692645
5	   3.67540634337	            3.78	   3.67693251015	  0.041506521401
6	   3.67693251015	            3.78	   3.67754778286	 0.0167305158297
7	   3.67754778286	            3.78	    3.6777958702	 0.0067455439577
8	    3.6777958702	            3.78	    3.6778959094	0.00272001177561
9	    3.6778959094	            3.78	   3.67793625047	0.00109683978554
10	   3.67793625047	            3.78	   3.67795251828	0.000442306280646
11	   3.67795251828	            3.78	   3.67795907842	0.000178363522888
12	   3.67795907842	            3.78	   3.67796172386	7.19267101173e-05
RESULTADO (12, 3.67796172386)

Falsa Posicao (5.22, 5.42)

1	            5.22	            5.42	    5.2628369229	  0.813951173555
2	    5.2628369229	            5.42	   5.28688612617	  0.454884079173
3	   5.28688612617	            5.42	   5.30042187873	  0.255371230294
4	   5.30042187873	            5.42	   5.30805042525	  0.143716541943
5	   5.30805042525	            5.42	   5.31235286862	 0.0809894123317
6	   5.31235286862	            5.42	   5.31478038494	 0.0456748190396
7	   5.31478038494	            5.42	    5.3161503392	   0.02576966739
8	    5.3161503392	            5.42	   5.31692356144	 0.0145426624071
9	   5.31692356144	            5.42	   5.31736001013	0.00820799581905
10	   5.31736001013	            5.42	   5.31760637528	0.00463300838389
11	   5.31760637528	            5.42	    5.3177454458	0.00261521575487
12	    5.3177454458	            5.42	   5.31782395062	0.00147625842393
13	   5.31782395062	            5.42	   5.31786826664	0.000833341746863
14	   5.31786826664	            5.42	   5.31789328315	0.000470421551751
15	   5.31789328315	            5.42	   5.31790740508	0.000265554189013
16	   5.31790740508	            5.42	   5.31791537697	0.000149906395439
17	   5.31791537697	            5.42	   5.31791987715	8.46228726231e-05
RESULTADO (17, 5.31791987715)

Falsa Posicao (6.82, 7.02)

1	            6.82	            7.02	   6.85768806332	  0.549573893824
2	   6.85768806332	            7.02	   6.88219567072	    0.3561015783
3	   6.88219567072	            7.02	   6.89815396974	   0.23134158919
4	   6.89815396974	            7.02	   6.90855396314	  0.150537919453
5	   6.90855396314	            7.02	   6.91533515834	 0.0980602537431
6	   6.91533515834	            7.02	   6.91975823012	 0.0639194554559
7	   6.91975823012	            7.02	   6.92264382068	 0.0416833602206
8	   6.92264382068	            7.02	    6.9245266266	 0.0271903917781
9	    6.9245266266	            7.02	   6.92575524046	 0.0177397816812
10	   6.92575524046	            7.02	   6.92655701199	 0.0115753255618
11	   6.92655701199	            7.02	    6.9270802537	0.00755356791745
12	    6.9270802537	            7.02	   6.92742173336	0.00492939044811
13	   6.92742173336	            7.02	    6.9276445945	0.00321698289689
14	    6.9276445945	            7.02	   6.92779004273	0.00209948953049
15	   6.92779004273	            7.02	    6.9278849688	0.00137020272407
16	    6.9278849688	            7.02	   6.92794692211	0.000894252070502
17	   6.92794692211	            7.02	   6.92798735593	0.000583630126744
18	   6.92798735593	            7.02	   6.92801374511	0.000380905425901
19	   6.92801374511	            7.02	   6.92803096806	0.000248598058234
20	   6.92803096806	            7.02	   6.92804220866	0.00016224788093
21	   6.92804220866	            7.02	   6.92804954487	0.000105891429152
22	   6.92804954487	            7.02	   6.92805433287	6.91103188006e-05
RESULTADO (22, 6.92805433287)

Ponto Fixo  (-0.1, 0.1)

1	            -0.1	-0.0266586768479	               0	   275.112390501
2	-0.0266586768479	-0.00669623497981	               0	   298.114416956
3	-0.00669623497981	-0.00167455916126	               0	   299.880466137
4	-0.00167455916126	-0.000418647616493	               0	   299.992522421
5	-0.000418647616493	-0.000104662026414	               0	   299.999532625
6	-0.000104662026414	-2.61655085144e-05	               0	   299.999970789
7	-2.61655085144e-05	-6.54137715845e-06	               0	   299.999998174
8	-6.54137715845e-06	-1.63534429008e-06	               0	   299.999999886
9	-1.63534429008e-06	-4.08836072527e-07	               0	   299.999999993
10	-4.08836072527e-07	-1.02209018132e-07	               0	             300
11	-1.02209018132e-07	-2.5552254533e-08	               0	             300
12	-2.5552254533e-08	-6.38806363324e-09	               0	             300
13	-6.38806363324e-09	-1.59701590831e-09	               0	             300
14	-1.59701590831e-09	-3.99253977078e-10	               0	             300
15	-3.99253977078e-10	-9.98134942694e-11	               0	             300
16	-9.98134942694e-11	-2.49533735673e-11	               0	             300
17	-2.49533735673e-11	-6.23834339184e-12	               0	             300
18	-6.23834339184e-12	-1.55958584796e-12	               0	             300
19	-1.55958584796e-12	-3.8989646199e-13	               0	             300
20	-3.8989646199e-13	-9.74741154975e-14	               0	             300
21	-9.74741154975e-14	-2.43685288744e-14	               0	             300
22	-2.43685288744e-14	-6.09213221859e-15	               0	             300
23	-6.09213221859e-15	-1.52303305465e-15	               0	             300
24	-1.52303305465e-15	-3.80758263662e-16	               0	             300
25	-3.80758263662e-16	-9.51895659155e-17	               0	             300
26	-9.51895659155e-17	-2.37973914789e-17	               0	             300
27	-2.37973914789e-17	-5.94934786972e-18	               0	             300
28	-5.94934786972e-18	-1.48733696743e-18	               0	             300
29	-1.48733696743e-18	-3.71834241857e-19	               0	             300
30	-3.71834241857e-19	-9.29585604643e-20	               0	             300
31	-9.29585604643e-20	-2.32396401161e-20	               0	             300
32	-2.32396401161e-20	-5.80991002902e-21	               0	             300
33	-5.80991002902e-21	-1.45247750726e-21	               0	             300
34	-1.45247750726e-21	-3.63119376814e-22	               0	             300
35	-3.63119376814e-22	-9.07798442035e-23	               0	             300
36	-9.07798442035e-23	-2.26949610509e-23	               0	             300
37	-2.26949610509e-23	-5.67374026272e-24	               0	             300
38	-5.67374026272e-24	-1.41843506568e-24	               0	             300
39	-1.41843506568e-24	-3.5460876642e-25	               0	             300
40	-3.5460876642e-25	-8.86521916049e-26	               0	             300
41	-8.86521916049e-26	-2.21630479012e-26	               0	             300
42	-2.21630479012e-26	-5.54076197531e-27	               0	             300
43	-5.54076197531e-27	-1.38519049383e-27	               0	             300
44	-1.38519049383e-27	-3.46297623457e-28	               0	             300
45	-3.46297623457e-28	-8.65744058642e-29	               0	             300
46	-8.65744058642e-29	-2.1643601466e-29	               0	             300
47	-2.1643601466e-29	-5.41090036651e-30	               0	             300
48	-5.41090036651e-30	-1.35272509163e-30	               0	             300
49	-1.35272509163e-30	-3.38181272907e-31	               0	             300
50	-3.38181272907e-31	-8.45453182268e-32	               0	             300
51	-8.45453182268e-32	-2.11363295567e-32	               0	             300
52	-2.11363295567e-32	-5.28408238917e-33	               0	             300
53	-5.28408238917e-33	-1.32102059729e-33	               0	             300
54	-1.32102059729e-33	-3.30255149323e-34	               0	             300
55	-3.30255149323e-34	-8.25637873308e-35	               0	             300
56	-8.25637873308e-35	-2.06409468327e-35	               0	             300
57	-2.06409468327e-35	-5.16023670818e-36	               0	             300
58	-5.16023670818e-36	-1.29005917704e-36	               0	             300
59	-1.29005917704e-36	-3.22514794261e-37	               0	             300
60	-3.22514794261e-37	-8.06286985652e-38	               0	             300
61	-8.06286985652e-38	-2.01571746413e-38	               0	             300
62	-2.01571746413e-38	-5.03929366033e-39	               0	             300
63	-5.03929366033e-39	-1.25982341508e-39	               0	             300
64	-1.25982341508e-39	-3.14955853771e-40	               0	             300
65	-3.14955853771e-40	-7.87389634426e-41	               0	             300
66	-7.87389634426e-41	-1.96847408607e-41	               0	             300
67	-1.96847408607e-41	-4.92118521516e-42	               0	             300
68	-4.92118521516e-42	-1.23029630379e-42	               0	             300
69	-1.23029630379e-42	-3.07574075948e-43	               0	             300
70	-3.07574075948e-43	-7.68935189869e-44	               0	             300
71	-7.68935189869e-44	-1.92233797467e-44	               0	             300
72	-1.92233797467e-44	-4.80584493668e-45	               0	             300
73	-4.80584493668e-45	-1.20146123417e-45	               0	             300
74	-1.20146123417e-45	-3.00365308543e-46	               0	             300
75	-3.00365308543e-46	-7.50913271357e-47	               0	             300
76	-7.50913271357e-47	-1.87728317839e-47	               0	             300
77	-1.87728317839e-47	-4.69320794598e-48	               0	             300
78	-4.69320794598e-48	-1.1733019865e-48	               0	             300
79	-1.1733019865e-48	-2.93325496624e-49	               0	             300
80	-2.93325496624e-49	-7.33313741559e-50	               0	             300
81	-7.33313741559e-50	-1.8332843539e-50	               0	             300
82	-1.8332843539e-50	-4.58321088475e-51	               0	             300
83	-4.58321088475e-51	-1.14580272119e-51	               0	             300
84	-1.14580272119e-51	-2.86450680297e-52	               0	             300
85	-2.86450680297e-52	-7.16126700742e-53	               0	             300
86	-7.16126700742e-53	-1.79031675185e-53	               0	             300
87	-1.79031675185e-53	-4.47579187964e-54	               0	             300
88	-4.47579187964e-54	-1.11894796991e-54	               0	             300
89	-1.11894796991e-54	-2.79736992477e-55	               0	             300
90	-2.79736992477e-55	-6.99342481193e-56	               0	             300
91	-6.99342481193e-56	-1.74835620298e-56	               0	             300
92	-1.74835620298e-56	-4.37089050746e-57	               0	             300
93	-4.37089050746e-57	-1.09272262686e-57	               0	             300
94	-1.09272262686e-57	-2.73180656716e-58	               0	             300
95	-2.73180656716e-58	-6.8295164179e-59	               0	             300
96	-6.8295164179e-59	-1.70737910448e-59	               0	             300
97	-1.70737910448e-59	-4.26844776119e-60	               0	             300
98	-4.26844776119e-60	-1.0671119403e-60	               0	             300
99	-1.0671119403e-60	-2.66777985074e-61	               0	             300
100	-2.66777985074e-61	-6.66944962686e-62	               0	             300
101	-6.66944962686e-62	-1.66736240671e-62	               0	             300
102	-1.66736240671e-62	-4.16840601678e-63	               0	             300
103	-4.16840601678e-63	-1.0421015042e-63	               0	             300
104	-1.0421015042e-63	-2.60525376049e-64	               0	             300
105	-2.60525376049e-64	-6.51313440123e-65	               0	             300
106	-6.51313440123e-65	-1.62828360031e-65	               0	             300
107	-1.62828360031e-65	-4.07070900077e-66	               0	             300
108	-4.07070900077e-66	-1.01767725019e-66	               0	             300
109	-1.01767725019e-66	-2.54419312548e-67	               0	             300
110	-2.54419312548e-67	-6.3604828137e-68	               0	             300
111	-6.3604828137e-68	-1.59012070342e-68	               0	             300
112	-1.59012070342e-68	-3.97530175856e-69	               0	             300
113	-3.97530175856e-69	-9.9382543964e-70	               0	             300
114	-9.9382543964e-70	-2.4845635991e-70	               0	             300
115	-2.4845635991e-70	-6.21140899775e-71	               0	             300
116	-6.21140899775e-71	-1.55285224944e-71	               0	             300
117	-1.55285224944e-71	-3.88213062359e-72	               0	             300
118	-3.88213062359e-72	-9.70532655899e-73	               0	             300
119	-9.70532655899e-73	-2.42633163975e-73	               0	             300
120	-2.42633163975e-73	-6.06582909937e-74	               0	             300
121	-6.06582909937e-74	-1.51645727484e-74	               0	             300
122	-1.51645727484e-74	-3.7911431871e-75	               0	             300
123	-3.7911431871e-75	-9.47785796776e-76	               0	             300
124	-9.47785796776e-76	-2.36946449194e-76	               0	             300
125	-2.36946449194e-76	-5.92366122985e-77	               0	             300
126	-5.92366122985e-77	-1.48091530746e-77	               0	             300
127	-1.48091530746e-77	-3.70228826866e-78	               0	             300
128	-3.70228826866e-78	-9.25572067164e-79	               0	             300
129	-9.25572067164e-79	-2.31393016791e-79	               0	             300
130	-2.31393016791e-79	-5.78482541978e-80	               0	             300
131	-5.78482541978e-80	-1.44620635494e-80	               0	             300
132	-1.44620635494e-80	-3.61551588736e-81	               0	             300
133	-3.61551588736e-81	-9.0387897184e-82	               0	             300
134	-9.0387897184e-82	-2.2596974296e-82	               0	             300
135	-2.2596974296e-82	-5.649243574e-83	               0	             300
136	-5.649243574e-83	-1.4123108935e-83	               0	             300
137	-1.4123108935e-83	-3.53077723375e-84	               0	             300
138	-3.53077723375e-84	-8.82694308437e-85	               0	             300
139	-8.82694308437e-85	-2.20673577109e-85	               0	             300
140	-2.20673577109e-85	-5.51683942773e-86	               0	             300
141	-5.51683942773e-86	-1.37920985693e-86	               0	             300
142	-1.37920985693e-86	-3.44802464233e-87	               0	             300
143	-3.44802464233e-87	-8.62006160583e-88	               0	             300
144	-8.62006160583e-88	-2.15501540146e-88	               0	             300
145	-2.15501540146e-88	-5.38753850365e-89	               0	             300
146	-5.38753850365e-89	-1.34688462591e-89	               0	             300
147	-1.34688462591e-89	-3.36721156478e-90	               0	             300
148	-3.36721156478e-90	-8.41802891195e-91	               0	             300
149	-8.41802891195e-91	-2.10450722799e-91	               0	             300
150	-2.10450722799e-91	-5.26126806997e-92	               0	             300
151	-5.26126806997e-92	-1.31531701749e-92	               0	             300
152	-1.31531701749e-92	-3.28829254373e-93	               0	             300
153	-3.28829254373e-93	-8.22073135932e-94	               0	             300
154	-8.22073135932e-94	-2.05518283983e-94	               0	             300
155	-2.05518283983e-94	-5.13795709958e-95	               0	             300
156	-5.13795709958e-95	-1.28448927489e-95	               0	             300
157	-1.28448927489e-95	-3.21122318724e-96	               0	             300
158	-3.21122318724e-96	-8.02805796809e-97	               0	             300
159	-8.02805796809e-97	-2.00701449202e-97	               0	             300
160	-2.00701449202e-97	-5.01753623006e-98	               0	             300
161	-5.01753623006e-98	-1.25438405751e-98	               0	             300
162	-1.25438405751e-98	-3.13596014379e-99	               0	             300
163	-3.13596014379e-99	-7.83990035946e-100	               0	             300
164	-7.83990035946e-100	-1.95997508987e-100	               0	             300
165	-1.95997508987e-100	-4.89993772466e-101	               0	             300
166	-4.89993772466e-101	-1.22498443117e-101	               0	             300
167	-1.22498443117e-101	-3.06246107792e-102	               0	             300
168	-3.06246107792e-102	-7.65615269479e-103	               0	             300
169	-7.65615269479e-103	-1.9140381737e-103	               0	             300
170	-1.9140381737e-103	-4.78509543424e-104	               0	             300
171	-4.78509543424e-104	-1.19627385856e-104	               0	             300
172	-1.19627385856e-104	-2.9906846464e-105	               0	             300
173	-2.9906846464e-105	-7.476711616e-106	               0	             300
174	-7.476711616e-106	-1.869177904e-106	               0	             300
175	-1.869177904e-106	-4.67294476e-107	               0	             300
176	-4.67294476e-107	-1.16823619e-107	               0	             300
177	-1.16823619e-107	-2.920590475e-108	               0	             300
178	-2.920590475e-108	-7.3014761875e-109	               0	             300
179	-7.3014761875e-109	-1.82536904688e-109	               0	             300
180	-1.82536904688e-109	-4.56342261719e-110	               0	             300
181	-4.56342261719e-110	-1.1408556543e-110	               0	             300
182	-1.1408556543e-110	-2.85213913574e-111	               0	             300
183	-2.85213913574e-111	-7.13034783936e-112	               0	             300
184	-7.13034783936e-112	-1.78258695984e-112	               0	             300
185	-1.78258695984e-112	-4.4564673996e-113	               0	             300
186	-4.4564673996e-113	-1.1141168499e-113	               0	             300
187	-1.1141168499e-113	-2.78529212475e-114	               0	             300
188	-2.78529212475e-114	-6.96323031187e-115	               0	             300
189	-6.96323031187e-115	-1.74080757797e-115	               0	             300
190	-1.74080757797e-115	-4.35201894492e-116	               0	             300
191	-4.35201894492e-116	-1.08800473623e-116	               0	             300
192	-1.08800473623e-116	-2.72001184058e-117	               0	             300
193	-2.72001184058e-117	-6.80002960144e-118	               0	             300
194	-6.80002960144e-118	-1.70000740036e-118	               0	             300
195	-1.70000740036e-118	-4.2500185009e-119	               0	             300
196	-4.2500185009e-119	-1.06250462522e-119	               0	             300
197	-1.06250462522e-119	-2.65626156306e-120	               0	             300
198	-2.65626156306e-120	-6.64065390766e-121	               0	             300
199	-6.64065390766e-121	-1.66016347691e-121	               0	             300
200	-1.66016347691e-121	-4.15040869228e-122	               0	             300
RESULTADO (200, -4.15040869228e-122)

Ponto Fixo  (1.86, 2.06)

1	            1.86	   1.95714332785	               0	   4.96352650672
2	   1.95714332785	   1.95808223467	               0	 0.0479503263111
3	   1.95808223467	   1.95820042226	               0	0.00603552018226
4	   1.95820042226	   1.95821548125	               0	0.000769016037005
5	   1.95821548125	   1.95821740293	               0	9.81342564204e-05
RESULTADO (5, 1.95821740293)

Ponto Fixo  (3.58, 3.78)

1	            3.58	   3.70030414214	               0	   3.25119605081
2	   3.70030414214	   3.68089917981	               0	  0.527179946437
3	   3.68089917981	   3.67815916294	               0	 0.0744942442241
4	   3.67815916294	   3.67797479891	               0	0.00501265088788
5	   3.67797479891	   3.67796415596	               0	0.000289370506088
6	   3.67796415596	   3.67796354833	               0	1.65208461812e-05
RESULTADO (6, 3.67796354833)

Ponto Fixo  (5.22, 5.42)

1	            5.22	   5.35897762323	               0	   2.59336076761
2	   5.35897762323	    5.3278227936	               0	  0.584757241919
3	    5.3278227936	   5.31872419197	               0	  0.171067370835
4	   5.31872419197	   5.31795362854	               0	 0.0144898484553
5	   5.31795362854	   5.31792657921	               0	0.000508644309072
6	   5.31792657921	   5.31792573738	               0	1.58301416427e-05
RESULTADO (6, 5.31792573738)

Ponto Fixo  (6.82, 7.02)

1	            6.82	   6.99823606831	               0	   2.54687133397
2	   6.99823606831	   6.96321800463	               0	  0.502900579186
3	   6.96321800463	   6.93711156676	               0	  0.376330085179
4	   6.93711156676	   6.92878527364	               0	  0.120169593906
5	   6.92878527364	    6.9280806868	               0	 0.0101700149259
6	    6.9280806868	   6.92806366519	               0	0.000245690703865
7	   6.92806366519	   6.92806333583	               0	4.7539562223e-06
RESULTADO (7, 6.92806333583)

Newton Raphson (-0.1, 0.1)

1	            -0.1	-0.0266586768479	               0	   275.112390501
2	-0.0266586768479	-0.00669623497981	               0	   298.114416956
3	-0.00669623497981	-0.00167455916126	               0	   299.880466137
4	-0.00167455916126	-0.000418647616493	               0	   299.992522421
5	-0.000418647616493	-0.000104662026414	               0	   299.999532625
6	-0.000104662026414	-2.61655085144e-05	               0	   299.999970789
7	-2.61655085144e-05	-6.54137715845e-06	               0	   299.999998174
8	-6.54137715845e-06	-1.63534429008e-06	               0	   299.999999886
9	-1.63534429008e-06	-4.08836072527e-07	               0	   299.999999993
10	-4.08836072527e-07	-1.02209018132e-07	               0	             300
11	-1.02209018132e-07	-2.5552254533e-08	               0	             300
12	-2.5552254533e-08	-6.38806363324e-09	               0	             300
13	-6.38806363324e-09	-1.59701590831e-09	               0	             300
14	-1.59701590831e-09	-3.99253977078e-10	               0	             300
15	-3.99253977078e-10	-9.98134942694e-11	               0	             300
16	-9.98134942694e-11	-2.49533735673e-11	               0	             300
17	-2.49533735673e-11	-6.23834339184e-12	               0	             300
18	-6.23834339184e-12	-1.55958584796e-12	               0	             300
19	-1.55958584796e-12	-3.8989646199e-13	               0	             300
20	-3.8989646199e-13	-9.74741154975e-14	               0	             300
21	-9.74741154975e-14	-2.43685288744e-14	               0	             300
22	-2.43685288744e-14	-6.09213221859e-15	               0	             300
23	-6.09213221859e-15	-1.52303305465e-15	               0	             300
24	-1.52303305465e-15	-3.80758263662e-16	               0	             300
25	-3.80758263662e-16	-9.51895659155e-17	               0	             300
26	-9.51895659155e-17	-2.37973914789e-17	               0	             300
27	-2.37973914789e-17	-5.94934786972e-18	               0	             300
28	-5.94934786972e-18	-1.48733696743e-18	               0	             300
29	-1.48733696743e-18	-3.71834241857e-19	               0	             300
30	-3.71834241857e-19	-9.29585604643e-20	               0	             300
31	-9.29585604643e-20	-2.32396401161e-20	               0	             300
32	-2.32396401161e-20	-5.80991002902e-21	               0	             300
33	-5.80991002902e-21	-1.45247750726e-21	               0	             300
34	-1.45247750726e-21	-3.63119376814e-22	               0	             300
35	-3.63119376814e-22	-9.07798442035e-23	               0	             300
36	-9.07798442035e-23	-2.26949610509e-23	               0	             300
37	-2.26949610509e-23	-5.67374026272e-24	               0	             300
38	-5.67374026272e-24	-1.41843506568e-24	               0	             300
39	-1.41843506568e-24	-3.5460876642e-25	               0	             300
40	-3.5460876642e-25	-8.86521916049e-26	               0	             300
41	-8.86521916049e-26	-2.21630479012e-26	               0	             300
42	-2.21630479012e-26	-5.54076197531e-27	               0	             300
43	-5.54076197531e-27	-1.38519049383e-27	               0	             300
44	-1.38519049383e-27	-3.46297623457e-28	               0	             300
45	-3.46297623457e-28	-8.65744058642e-29	               0	             300
46	-8.65744058642e-29	-2.1643601466e-29	               0	             300
47	-2.1643601466e-29	-5.41090036651e-30	               0	             300
48	-5.41090036651e-30	-1.35272509163e-30	               0	             300
49	-1.35272509163e-30	-3.38181272907e-31	               0	             300
50	-3.38181272907e-31	-8.45453182268e-32	               0	             300
51	-8.45453182268e-32	-2.11363295567e-32	               0	             300
52	-2.11363295567e-32	-5.28408238917e-33	               0	             300
53	-5.28408238917e-33	-1.32102059729e-33	               0	             300
54	-1.32102059729e-33	-3.30255149323e-34	               0	             300
55	-3.30255149323e-34	-8.25637873308e-35	               0	             300
56	-8.25637873308e-35	-2.06409468327e-35	               0	             300
57	-2.06409468327e-35	-5.16023670818e-36	               0	             300
58	-5.16023670818e-36	-1.29005917704e-36	               0	             300
59	-1.29005917704e-36	-3.22514794261e-37	               0	             300
60	-3.22514794261e-37	-8.06286985652e-38	               0	             300
61	-8.06286985652e-38	-2.01571746413e-38	               0	             300
62	-2.01571746413e-38	-5.03929366033e-39	               0	             300
63	-5.03929366033e-39	-1.25982341508e-39	               0	             300
64	-1.25982341508e-39	-3.14955853771e-40	               0	             300
65	-3.14955853771e-40	-7.87389634426e-41	               0	             300
66	-7.87389634426e-41	-1.96847408607e-41	               0	             300
67	-1.96847408607e-41	-4.92118521516e-42	               0	             300
68	-4.92118521516e-42	-1.23029630379e-42	               0	             300
69	-1.23029630379e-42	-3.07574075948e-43	               0	             300
70	-3.07574075948e-43	-7.68935189869e-44	               0	             300
71	-7.68935189869e-44	-1.92233797467e-44	               0	             300
72	-1.92233797467e-44	-4.80584493668e-45	               0	             300
73	-4.80584493668e-45	-1.20146123417e-45	               0	             300
74	-1.20146123417e-45	-3.00365308543e-46	               0	             300
75	-3.00365308543e-46	-7.50913271357e-47	               0	             300
76	-7.50913271357e-47	-1.87728317839e-47	               0	             300
77	-1.87728317839e-47	-4.69320794598e-48	               0	             300
78	-4.69320794598e-48	-1.1733019865e-48	               0	             300
79	-1.1733019865e-48	-2.93325496624e-49	               0	             300
80	-2.93325496624e-49	-7.33313741559e-50	               0	             300
81	-7.33313741559e-50	-1.8332843539e-50	               0	             300
82	-1.8332843539e-50	-4.58321088475e-51	               0	             300
83	-4.58321088475e-51	-1.14580272119e-51	               0	             300
84	-1.14580272119e-51	-2.86450680297e-52	               0	             300
85	-2.86450680297e-52	-7.16126700742e-53	               0	             300
86	-7.16126700742e-53	-1.79031675185e-53	               0	             300
87	-1.79031675185e-53	-4.47579187964e-54	               0	             300
88	-4.47579187964e-54	-1.11894796991e-54	               0	             300
89	-1.11894796991e-54	-2.79736992477e-55	               0	             300
90	-2.79736992477e-55	-6.99342481193e-56	               0	             300
91	-6.99342481193e-56	-1.74835620298e-56	               0	             300
92	-1.74835620298e-56	-4.37089050746e-57	               0	             300
93	-4.37089050746e-57	-1.09272262686e-57	               0	             300
94	-1.09272262686e-57	-2.73180656716e-58	               0	             300
95	-2.73180656716e-58	-6.8295164179e-59	               0	             300
96	-6.8295164179e-59	-1.70737910448e-59	               0	             300
97	-1.70737910448e-59	-4.26844776119e-60	               0	             300
98	-4.26844776119e-60	-1.0671119403e-60	               0	             300
99	-1.0671119403e-60	-2.66777985074e-61	               0	             300
100	-2.66777985074e-61	-6.66944962686e-62	               0	             300
101	-6.66944962686e-62	-1.66736240671e-62	               0	             300
102	-1.66736240671e-62	-4.16840601678e-63	               0	             300
103	-4.16840601678e-63	-1.0421015042e-63	               0	             300
104	-1.0421015042e-63	-2.60525376049e-64	               0	             300
105	-2.60525376049e-64	-6.51313440123e-65	               0	             300
106	-6.51313440123e-65	-1.62828360031e-65	               0	             300
107	-1.62828360031e-65	-4.07070900077e-66	               0	             300
108	-4.07070900077e-66	-1.01767725019e-66	               0	             300
109	-1.01767725019e-66	-2.54419312548e-67	               0	             300
110	-2.54419312548e-67	-6.3604828137e-68	               0	             300
111	-6.3604828137e-68	-1.59012070342e-68	               0	             300
112	-1.59012070342e-68	-3.97530175856e-69	               0	             300
113	-3.97530175856e-69	-9.9382543964e-70	               0	             300
114	-9.9382543964e-70	-2.4845635991e-70	               0	             300
115	-2.4845635991e-70	-6.21140899775e-71	               0	             300
116	-6.21140899775e-71	-1.55285224944e-71	               0	             300
117	-1.55285224944e-71	-3.88213062359e-72	               0	             300
118	-3.88213062359e-72	-9.70532655899e-73	               0	             300
119	-9.70532655899e-73	-2.42633163975e-73	               0	             300
120	-2.42633163975e-73	-6.06582909937e-74	               0	             300
121	-6.06582909937e-74	-1.51645727484e-74	               0	             300
122	-1.51645727484e-74	-3.7911431871e-75	               0	             300
123	-3.7911431871e-75	-9.47785796776e-76	               0	             300
124	-9.47785796776e-76	-2.36946449194e-76	               0	             300
125	-2.36946449194e-76	-5.92366122985e-77	               0	             300
126	-5.92366122985e-77	-1.48091530746e-77	               0	             300
127	-1.48091530746e-77	-3.70228826866e-78	               0	             300
128	-3.70228826866e-78	-9.25572067164e-79	               0	             300
129	-9.25572067164e-79	-2.31393016791e-79	               0	             300
130	-2.31393016791e-79	-5.78482541978e-80	               0	             300
131	-5.78482541978e-80	-1.44620635494e-80	               0	             300
132	-1.44620635494e-80	-3.61551588736e-81	               0	             300
133	-3.61551588736e-81	-9.0387897184e-82	               0	             300
134	-9.0387897184e-82	-2.2596974296e-82	               0	             300
135	-2.2596974296e-82	-5.649243574e-83	               0	             300
136	-5.649243574e-83	-1.4123108935e-83	               0	             300
137	-1.4123108935e-83	-3.53077723375e-84	               0	             300
138	-3.53077723375e-84	-8.82694308437e-85	               0	             300
139	-8.82694308437e-85	-2.20673577109e-85	               0	             300
140	-2.20673577109e-85	-5.51683942773e-86	               0	             300
141	-5.51683942773e-86	-1.37920985693e-86	               0	             300
142	-1.37920985693e-86	-3.44802464233e-87	               0	             300
143	-3.44802464233e-87	-8.62006160583e-88	               0	             300
144	-8.62006160583e-88	-2.15501540146e-88	               0	             300
145	-2.15501540146e-88	-5.38753850365e-89	               0	             300
146	-5.38753850365e-89	-1.34688462591e-89	               0	             300
147	-1.34688462591e-89	-3.36721156478e-90	               0	             300
148	-3.36721156478e-90	-8.41802891195e-91	               0	             300
149	-8.41802891195e-91	-2.10450722799e-91	               0	             300
150	-2.10450722799e-91	-5.26126806997e-92	               0	             300
151	-5.26126806997e-92	-1.31531701749e-92	               0	             300
152	-1.31531701749e-92	-3.28829254373e-93	               0	             300
153	-3.28829254373e-93	-8.22073135932e-94	               0	             300
154	-8.22073135932e-94	-2.05518283983e-94	               0	             300
155	-2.05518283983e-94	-5.13795709958e-95	               0	             300
156	-5.13795709958e-95	-1.28448927489e-95	               0	             300
157	-1.28448927489e-95	-3.21122318724e-96	               0	             300
158	-3.21122318724e-96	-8.02805796809e-97	               0	             300
159	-8.02805796809e-97	-2.00701449202e-97	               0	             300
160	-2.00701449202e-97	-5.01753623006e-98	               0	             300
161	-5.01753623006e-98	-1.25438405751e-98	               0	             300
162	-1.25438405751e-98	-3.13596014379e-99	               0	             300
163	-3.13596014379e-99	-7.83990035946e-100	               0	             300
164	-7.83990035946e-100	-1.95997508987e-100	               0	             300
165	-1.95997508987e-100	-4.89993772466e-101	               0	             300
166	-4.89993772466e-101	-1.22498443117e-101	               0	             300
167	-1.22498443117e-101	-3.06246107792e-102	               0	             300
168	-3.06246107792e-102	-7.65615269479e-103	               0	             300
169	-7.65615269479e-103	-1.9140381737e-103	               0	             300
170	-1.9140381737e-103	-4.78509543424e-104	               0	             300
171	-4.78509543424e-104	-1.19627385856e-104	               0	             300
172	-1.19627385856e-104	-2.9906846464e-105	               0	             300
173	-2.9906846464e-105	-7.476711616e-106	               0	             300
174	-7.476711616e-106	-1.869177904e-106	               0	             300
175	-1.869177904e-106	-4.67294476e-107	               0	             300
176	-4.67294476e-107	-1.16823619e-107	               0	             300
177	-1.16823619e-107	-2.920590475e-108	               0	             300
178	-2.920590475e-108	-7.3014761875e-109	               0	             300
179	-7.3014761875e-109	-1.82536904688e-109	               0	             300
180	-1.82536904688e-109	-4.56342261719e-110	               0	             300
181	-4.56342261719e-110	-1.1408556543e-110	               0	             300
182	-1.1408556543e-110	-2.85213913574e-111	               0	             300
183	-2.85213913574e-111	-7.13034783936e-112	               0	             300
184	-7.13034783936e-112	-1.78258695984e-112	               0	             300
185	-1.78258695984e-112	-4.4564673996e-113	               0	             300
186	-4.4564673996e-113	-1.1141168499e-113	               0	             300
187	-1.1141168499e-113	-2.78529212475e-114	               0	             300
188	-2.78529212475e-114	-6.96323031187e-115	               0	             300
189	-6.96323031187e-115	-1.74080757797e-115	               0	             300
190	-1.74080757797e-115	-4.35201894492e-116	               0	             300
191	-4.35201894492e-116	-1.08800473623e-116	               0	             300
192	-1.08800473623e-116	-2.72001184058e-117	               0	             300
193	-2.72001184058e-117	-6.80002960144e-118	               0	             300
194	-6.80002960144e-118	-1.70000740036e-118	               0	             300
195	-1.70000740036e-118	-4.2500185009e-119	               0	             300
196	-4.2500185009e-119	-1.06250462522e-119	               0	             300
197	-1.06250462522e-119	-2.65626156306e-120	               0	             300
198	-2.65626156306e-120	-6.64065390766e-121	               0	             300
199	-6.64065390766e-121	-1.66016347691e-121	               0	             300
200	-1.66016347691e-121	-4.15040869228e-122	               0	             300
RESULTADO (200, -4.15040869228e-122)

Newton Raphson (1.86, 2.06)

1	            1.86	   1.95714332785	               0	   4.96352650672
2	   1.95714332785	   1.95808223467	               0	 0.0479503263111
3	   1.95808223467	   1.95820042226	               0	0.00603552018226
4	   1.95820042226	   1.95821548125	               0	0.000769016037005
5	   1.95821548125	   1.95821740293	               0	9.81342564204e-05
RESULTADO (5, 1.95821740293)

Newton Raphson (3.58, 3.78)

1	            3.58	   3.70030414214	               0	   3.25119605081
2	   3.70030414214	   3.68089917981	               0	  0.527179946437
3	   3.68089917981	   3.67815916294	               0	 0.0744942442241
4	   3.67815916294	   3.67797479891	               0	0.00501265088788
5	   3.67797479891	   3.67796415596	               0	0.000289370506088
6	   3.67796415596	   3.67796354833	               0	1.65208461812e-05
RESULTADO (6, 3.67796354833)

Newton Raphson (5.22, 5.42)

1	            5.22	   5.35897762323	               0	   2.59336076761
2	   5.35897762323	    5.3278227936	               0	  0.584757241919
3	    5.3278227936	   5.31872419197	               0	  0.171067370835
4	   5.31872419197	   5.31795362854	               0	 0.0144898484553
5	   5.31795362854	   5.31792657921	               0	0.000508644309072
6	   5.31792657921	   5.31792573738	               0	1.58301416427e-05
RESULTADO (6, 5.31792573738)

Newton Raphson (6.82, 7.02)

1	            6.82	   6.99823606831	               0	   2.54687133397
2	   6.99823606831	   6.96321800463	               0	  0.502900579186
3	   6.96321800463	   6.93711156676	               0	  0.376330085179
4	   6.93711156676	   6.92878527364	               0	  0.120169593906
5	   6.92878527364	    6.9280806868	               0	 0.0101700149259
6	    6.9280806868	   6.92806366519	               0	0.000245690703865
7	   6.92806366519	   6.92806333583	               0	4.7539562223e-06
RESULTADO (7, 6.92806333583)

Secante (-0.1, 0.1)

-> 0.152710035509, -0.152710035509
1	            -0.1	             0.1	               0	             100
-> -0.152710035509, 0
2	             0.1	               0	               0	             100
-> 0, 0
3	               0	               0	            -nan	             nan
RESULTADO (3, -nan)

Secante (1.86, 2.06)

-> 0.277105473711, -0.455837368407
1	            1.86	            2.06	   1.93561448391	             100
-> -0.455837368407, 0.0735444531185
2	            2.06	   1.93561448391	   1.95289476137	  0.884854514384
-> 0.0735444531185, 0.0179757367409
3	   1.93561448391	   1.95289476137	   1.95848470007	  0.285421617192
-> 0.0179757367409, -0.000913023220344
4	   1.95289476137	   1.95848470007	   1.95821450002	 0.0137982865196
-> -0.000913023220344, 1.08808576534e-05
5	   1.95848470007	   1.95821450002	   1.95821768218	0.000162502743606
-> 1.08808576534e-05, 6.52248710598e-09
6	   1.95821450002	   1.95821768218	   1.95821768409	9.74700565478e-08
RESULTADO (6, 1.95821768409)

Secante (3.58, 3.78)

-> 0.5881521148, -1.41300986353
1	            3.58	            3.78	   3.63878106032	             100
-> -1.41300986353, 0.281078109171
2	            3.78	   3.63878106032	   3.66221169272	  0.639794593198
-> 0.281078109171, 0.122649663533
3	   3.63878106032	   3.66221169272	   3.68035085434	  0.492865010335
-> 0.122649663533, -0.0199137989052
4	   3.66221169272	   3.68035085434	   3.67781710824	 0.0688926617124
-> -0.0199137989052, 0.00120914382357
5	   3.68035085434	   3.67781710824	   3.67796214786	0.00394347759715
-> 0.00120914382357, 1.12692430712e-05
6	   3.67781710824	   3.67796214786	   3.67796351234	3.70990350958e-05
RESULTADO (6, 3.67796351234)

Secante (5.22, 5.42)

-> 0.999178491515, -3.66585542764
1	            5.22	            5.42	    5.2628369229	             100
-> -3.66585542764, 0.662296872649
2	            5.42	    5.2628369229	   5.28688612617	  0.454884079173
-> 0.662296872649, 0.41495978923
3	    5.2628369229	   5.28688612617	   5.32723370439	  0.757383296149
-> 0.41495978923, -0.153421451318
4	   5.28688612617	   5.32723370439	   5.31634280306	  0.204857017932
-> -0.153421451318, 0.0245437542971
5	   5.32723370439	   5.31634280306	   5.31784480232	 0.0282445109086
-> 0.0245437542971, 0.00126485526615
6	   5.31634280306	   5.31784480232	   5.31792641321	0.00153463744409
-> 0.00126485526615, -1.09911034407e-05
7	   5.31784480232	   5.31792641321	   5.31792571015	1.32205267925e-05
RESULTADO (7, 5.31792571015)

Secante (6.82, 7.02)

-> 1.56712224444, -6.74915673922
1	            6.82	            7.02	   6.85768806332	             100
-> -6.74915673922, 1.20029381186
2	            7.02	   6.85768806332	   6.88219567072	    0.3561015783
-> 1.20029381186, 0.883943950705
3	   6.85768806332	   6.88219567072	   6.95067476293	  0.985215026521
-> 0.883943950705, -0.68633275539
4	   6.88219567072	   6.95067476293	   6.92074408647	  0.432477723288
-> -0.68633275539, 0.177462180627
5	   6.95067476293	   6.92074408647	    6.9268931884	 0.0887714270652
-> 0.177462180627, 0.0295928687905
6	   6.92074408647	    6.9268931884	   6.92812379917	 0.0177625400344
-> 0.0295928687905, -0.00154258007813
7	    6.9268931884	   6.92812379917	   6.92806282958	0.000880038108369
-> -0.00154258007813, 1.27443258315e-05
8	   6.92812379917	   6.92806282958	   6.92806332916	7.21103041751e-06
RESULTADO (8, 6.92806332916)
