Executa todos os metodos

Bissecao (4, 4.5)

1	               4	             4.5	            4.25	   5.88235294118
2	            4.25	             4.5	           4.375	   2.85714285714
3	           4.375	             4.5	          4.4375	   1.40845070423
4	          4.4375	             4.5	         4.46875	  0.699300699301
5	         4.46875	             4.5	        4.484375	  0.348432055749
6	        4.484375	             4.5	       4.4921875	  0.173913043478
7	       4.4921875	             4.5	      4.49609375	 0.0868809730669
8	       4.4921875	      4.49609375	     4.494140625	 0.0434593654933
9	       4.4921875	     4.494140625	    4.4931640625	  0.021734405564
10	    4.4931640625	     4.494140625	   4.49365234375	 0.0108660219494
11	    4.4931640625	   4.49365234375	   4.49340820312	 0.0054333061668
12	   4.49340820312	   4.49365234375	   4.49353027344	0.00271657928337
13	   4.49340820312	   4.49353027344	   4.49346923828	0.00135830809144
14	   4.49340820312	   4.49346923828	    4.4934387207	0.000679158658254
15	   4.49340820312	    4.4934387207	   4.49342346191	0.000339580482272
16	   4.49340820312	   4.49342346191	   4.49341583252	0.000169790529424
17	   4.49340820312	   4.49341583252	   4.49341201782	8.4895336784e-05

Bissecao (7.5, 8)

1	             7.5	               8	            7.75	   3.22580645161
2	             7.5	            7.75	           7.625	    1.6393442623
3	           7.625	            7.75	          7.6875	  0.813008130081
4	          7.6875	            7.75	         7.71875	  0.404858299595
5	         7.71875	            7.75	        7.734375	   0.20202020202
6	         7.71875	        7.734375	       7.7265625	   0.10111223458
7	         7.71875	       7.7265625	      7.72265625	 0.0505816894284
8	      7.72265625	       7.7265625	     7.724609375	 0.0252844500632
9	     7.724609375	       7.7265625	    7.7255859375	 0.0126406269751
10	     7.724609375	    7.7255859375	   7.72509765625	0.00632071297642
11	   7.72509765625	    7.7255859375	   7.72534179688	0.00316025661284
12	   7.72509765625	   7.72534179688	   7.72521972656	0.00158015327487
13	   7.72521972656	   7.72534179688	   7.72528076172	0.000790070395272
14	   7.72521972656	   7.72528076172	   7.72525024414	0.00039503675817
15	   7.72525024414	   7.72528076172	   7.72526550293	0.000197517988951
16	   7.72525024414	   7.72526550293	   7.72525787354	9.87590920089e-05

Bissecao (10.5, 11)

1	            10.5	              11	           10.75	   2.32558139535
2	           10.75	              11	          10.875	   1.14942528736
3	          10.875	              11	         10.9375	  0.571428571429
4	          10.875	         10.9375	        10.90625	  0.286532951289
5	          10.875	        10.90625	       10.890625	  0.143472022956
6	       10.890625	        10.90625	      10.8984375	 0.0716845878136
7	      10.8984375	        10.90625	     10.90234375	 0.0358294518094
8	     10.90234375	        10.90625	    10.904296875	 0.0179115171055
9	     10.90234375	    10.904296875	   10.9033203125	 0.0089565606807
10	   10.9033203125	    10.904296875	   10.9038085938	0.00447807979938
11	   10.9038085938	    10.904296875	   10.9040527344	0.00223898976782
12	   10.9040527344	    10.904296875	   10.9041748047	0.00111948235136
13	   10.9040527344	   10.9041748047	   10.9041137695	 0.0005597443088
14	   10.9041137695	   10.9041748047	   10.9041442871	0.000279871371118
15	   10.9041137695	   10.9041442871	   10.9041290283	0.000139935881379
16	   10.9041137695	   10.9041290283	   10.9041213989	6.99679896447e-05

Bissecao (14, 14.5)

1	              14	            14.5	           14.25	   1.75438596491
2	           14.25	            14.5	          14.375	  0.869565217391
3	          14.375	            14.5	         14.4375	    0.4329004329
4	         14.4375	            14.5	        14.46875	  0.215982721382
5	        14.46875	            14.5	       14.484375	  0.107874865156
6	       14.484375	            14.5	      14.4921875	 0.0539083557951
7	      14.4921875	            14.5	     14.49609375	 0.0269469145783
8	     14.49609375	            14.5	    14.498046875	 0.0134716421932
9	    14.498046875	            14.5	   14.4990234375	0.00673536741429
10	   14.4990234375	            14.5	   14.4995117188	0.00336757029803
11	   14.4995117188	            14.5	   14.4997558594	0.00168375679817
12	   14.4997558594	            14.5	   14.4998779297	0.000841871311551
13	   14.4998779297	            14.5	   14.4999389648	0.000420933883915
14	   14.4999389648	            14.5	   14.4999694824	0.000210466498995
15	   14.4999694824	            14.5	   14.4999847412	0.000105233138757
16	   14.4999847412	            14.5	   14.4999923706	5.26165416936e-05

Bissecao (17, 17.5)

1	              17	            17.5	           17.25	   1.44927536232
2	              17	           17.25	          17.125	  0.729927007299
3	          17.125	           17.25	         17.1875	  0.363636363636
4	         17.1875	           17.25	        17.21875	  0.181488203267
5	        17.21875	           17.25	       17.234375	  0.090661831369
6	        17.21875	       17.234375	      17.2265625	 0.0453514739229
7	        17.21875	      17.2265625	     17.22265625	 0.0226808800181
8	        17.21875	     17.22265625	    17.220703125	 0.0113417262107
9	    17.220703125	     17.22265625	   17.2216796875	0.00567054153672
10	    17.220703125	   17.2216796875	   17.2211914062	0.00283535115824
11	    17.220703125	   17.2211914062	   17.2209472656	0.00141769567745
12	    17.220703125	   17.2209472656	   17.2208251953	0.000708852863411
13	    17.220703125	   17.2208251953	   17.2207641602	0.000354427687891
14	    17.220703125	   17.2207641602	   17.2207336426	0.000177214157994
15	   17.2207336426	   17.2207641602	   17.2207489014	8.86070004847e-05

Falsa Posicao (4, 4.5)

1	               4	             4.5	   4.47695392548	  0.514771313241
2	               4	   4.47695392548	   4.53497870813	   1.27949404799
3	               4	   4.53497870813	   4.39141961267	   3.26908171229
4	               4	   4.39141961267	    4.7627126255	   7.79583069629
5	               4	    4.7627126255	   3.90044764434	   22.1068210571
6	   3.90044764434	    4.7627126255	   3.78295216777	   3.10592022726
7	   3.78295216777	    4.7627126255	   3.64510695389	   3.78165073405
8	   3.64510695389	    4.7627126255	   3.48443607054	   4.61110148378
9	   3.48443607054	    4.7627126255	   3.29840347149	   5.64008013758
10	   3.29840347149	    4.7627126255	   3.08429727222	   6.94181462985
11	   3.08429727222	    4.7627126255	    2.8387633003	   8.64932880789
12	    2.8387633003	    4.7627126255	   2.55632952939	   11.0484101389
13	   2.55632952939	    4.7627126255	   2.22441243073	   14.9215628393
14	   2.22441243073	    4.7627126255	   1.79949983913	   23.6128163153
15	   1.79949983913	    4.7627126255	  0.824316993534	   118.301921863
16	  0.824316993534	    4.7627126255	  0.864963663019	   4.69923434038
17	  0.864963663019	    4.7627126255	  0.913177341637	   5.27977167418
18	  0.913177341637	    4.7627126255	   0.97194856991	   6.04674260466
19	   0.97194856991	    4.7627126255	   1.04642843957	   7.11753110317
20	   1.04642843957	    4.7627126255	   1.14668788143	   8.74339421283
21	   1.14668788143	    4.7627126255	   1.29705708631	   11.5931061527
22	   1.29705708631	    4.7627126255	   1.58898303368	   18.3718731529
23	   1.58898303368	    4.7627126255	   7.20799160506	   77.9552596515
24	   1.58898303368	   7.20799160506	   7.86000777993	    8.2953629707
25	   1.58898303368	   7.86000777993	   -1.4369478891	   646.993237511
26	   -1.4369478891	   7.86000777993	  -1.76877332504	   18.7602012787
27	  -1.76877332504	   7.86000777993	  -1.40860711526	   25.5689614144
28	  -1.40860711526	   7.86000777993	  -1.66638039745	   15.4690539199
29	  -1.66638039745	   7.86000777993	  -1.04649274332	   59.2347780796
30	  -1.04649274332	   7.86000777993	  -1.08161801249	   3.24747450176
31	  -1.08161801249	   7.86000777993	  -1.12280549295	   3.66826495974
32	  -1.12280549295	   7.86000777993	  -1.17259432337	   4.24604054704
33	  -1.17259432337	   7.86000777993	  -1.23563184524	    5.1016427031
34	  -1.23563184524	   7.86000777993	  -1.32203156706	   6.53537509776
35	  -1.32203156706	   7.86000777993	  -1.46227024955	   9.59047635201
36	  -1.46227024955	   7.86000777993	  -1.89535872486	    22.849947592
37	  -1.89535872486	   7.86000777993	   -1.6295935249	   16.3086804101
38	   -1.6295935249	   7.86000777993	 -0.711422768104	   129.061199326
39	 -0.711422768104	   7.86000777993	 -0.718855552923	   1.03397473787
40	 -0.718855552923	   7.86000777993	 -0.726572021754	   1.06203770582
41	 -0.726572021754	   7.86000777993	 -0.734592472936	   1.09182321869
42	 -0.734592472936	   7.86000777993	 -0.742939422168	   1.12350334134
43	 -0.742939422168	   7.86000777993	 -0.751637937017	   1.15727458927
44	 -0.751637937017	   7.86000777993	  -0.76071603714	   1.19336252689
45	  -0.76071603714	   7.86000777993	 -0.770205176416	   1.23202746055
46	 -0.770205176416	   7.86000777993	 -0.780140828025	   1.27357154659
47	 -0.780140828025	   7.86000777993	 -0.790563200167	   1.31834774751
48	 -0.790563200167	   7.86000777993	 -0.801518119218	   1.36677122926
49	 -0.801518119218	   7.86000777993	 -0.813058129879	    1.4193340226
50	 -0.813058129879	   7.86000777993	  -0.82524387996	   1.47662410797

Falsa Posicao (7.5, 8)

1	             7.5	               8	   7.26043785038	   3.29955513088
2	   7.26043785038	               8	   6.78674145954	   6.97973237472
3	   6.78674145954	               8	   5.90330591358	   14.9650985209
4	   5.90330591358	               8	   4.34812486405	   35.7667062965
5	   4.34812486405	               8	   3.86620006932	   12.4650764599
6	   3.86620006932	               8	   2.82356651059	   36.9261200264
7	   2.82356651059	               8	   1.42233317329	   98.5165335117
8	   1.42233317329	               8	   3.14802542523	   54.8182437827
9	   3.14802542523	               8	   1.84053084635	   71.0389929873
10	   1.84053084635	               8	  -1.75771650596	   204.711473102
11	  -1.75771650596	               8	   1.38922582341	   226.524894394
12	   1.38922582341	               8	   2.81169687467	   50.5911950919
13	   2.81169687467	               8	   1.40649270131	   99.9083871566
14	   1.40649270131	               8	   2.97638153084	   52.7448787483
15	   2.97638153084	               8	   1.62180140941	    83.523180678
16	   1.62180140941	               8	   22.7240482944	    92.863061245
17	   1.62180140941	   22.7240482944	  -728.297423277	   103.120160469
18	  -728.297423277	   22.7240482944	  0.891891693711	   81757.6080271
19	  -728.297423277	  0.891891693711	   1.23968307072	   28.0548621839
20	  -728.297423277	   1.23968307072	    2.9141914076	   57.4604788318
21	  -728.297423277	    2.9141914076	 -0.227762746305	   1379.48554137
22	  -728.297423277	 -0.227762746305	 -0.231780009477	   1.73322245544
23	  -728.297423277	 -0.231780009477	  -0.23601678447	   1.79511597133
24	  -728.297423277	  -0.23601678447	 -0.240493769662	   1.86158053008
25	  -728.297423277	 -0.240493769662	 -0.245234497996	   1.93314088039
26	  -728.297423277	 -0.245234497996	 -0.250265855662	   2.01040515621
27	  -728.297423277	 -0.250265855662	  -0.25561872156	   2.09408210219
28	  -728.297423277	  -0.25561872156	 -0.261328762195	   2.18500274779
29	  -728.297423277	 -0.261328762195	 -0.267437428686	   2.28414792972
30	  -728.297423277	 -0.267437428686	  -0.27399321948	   2.39268358796
31	  -728.297423277	  -0.27399321948	 -0.281053296618	   2.51200652059
32	  -728.297423277	 -0.281053296618	 -0.288685578636	   2.64380439598
33	  -728.297423277	 -0.288685578636	 -0.296971485424	   2.79013548241
34	  -728.297423277	 -0.296971485424	 -0.306009589043	   2.95353607977
35	  -728.297423277	 -0.306009589043	  -0.31592054591	   3.13716755524
36	  -728.297423277	  -0.31592054591	 -0.326853877072	   3.34502110229
37	  -728.297423277	 -0.326853877072	 -0.338997473249	   3.58220846332
38	  -728.297423277	 -0.338997473249	 -0.352591217966	    3.8553838054
39	  -728.297423277	 -0.352591217966	 -0.367947012769	   4.17337123825
40	  -728.297423277	 -0.367947012769	  -0.38547908325	   4.54812498093
41	  -728.297423277	  -0.38547908325	 -0.405751427969	   4.99624728868
42	  -728.297423277	 -0.405751427969	 -0.429555147036	   5.54148151452
43	  -728.297423277	 -0.429555147036	 -0.458040679651	   6.21899623335
44	  -728.297423277	 -0.458040679651	 -0.492957657697	   7.08315967923
45	  -728.297423277	 -0.492957657697	   -0.5371233033	   8.22262697068
46	  -728.297423277	   -0.5371233033	 -0.595428944131	   9.79220802173
47	  -728.297423277	 -0.595428944131	 -0.677301654983	   12.0880718731
48	  -728.297423277	 -0.677301654983	 -0.803960985331	   15.7544125472
49	  -728.297423277	 -0.803960985331	  -1.03730181512	   22.4949794158
50	  -728.297423277	  -1.03730181512	  -1.69105791593	   38.6595925928

Falsa Posicao (10.5, 11)

1	            10.5	              11	   10.4810554715	  0.180750198072
2	   10.4810554715	              11	   10.4612468344	    0.1893525446
3	   10.4612468344	              11	   10.4405369059	  0.198360761411
4	   10.4405369059	              11	   10.4188871037	  0.207793806923
5	   10.4188871037	              11	   10.3962574106	  0.217671535948
6	   10.3962574106	              11	   10.3726063383	  0.228014748973
7	   10.3726063383	              11	   10.3478908928	  0.238845245976
8	   10.3478908928	              11	   10.3220665392	  0.250185885546
9	   10.3220665392	              11	   10.2950871668	  0.262060650229
10	   10.2950871668	              11	   10.2669050546	  0.274494719269
11	   10.2669050546	              11	   10.2374708364	  0.287514550155
12	   10.2374708364	              11	   10.2067334657	  0.301147970716
13	   10.2067334657	              11	   10.1746401798	  0.315424283963
14	   10.1746401798	              11	   10.1411364622	  0.330374388375
15	   10.1411364622	              11	   10.1061660033	   0.34603091705
16	   10.1061660033	              11	   10.0696706571	  0.362428400023
17	   10.0696706571	              11	   10.0315903933	  0.379603455194
18	   10.0315903933	              11	   9.99186324318	  0.397595014836
19	   9.99186324318	              11	   9.95042523494	  0.416444596636
20	   9.95042523494	              11	   9.90721031733	  0.436196630841
21	   9.90721031733	              11	   9.86215026533	  0.456898858657
22	   9.86215026533	              11	    9.8151745629	  0.478602821815
23	    9.8151745629	              11	   9.76621025464	  0.501364469825
24	   9.76621025464	              11	   9.71518175594	  0.525244920552
25	   9.71518175594	              11	   9.66201060791	   0.55031142262
26	   9.66201060791	              11	   9.60661515806	  0.576638586448
27	   9.60661515806	              11	   9.54891014135	  0.604309977327
28	   9.54891014135	              11	   9.48880612631	   0.63342020311
29	   9.48880612631	              11	     9.426208777	  0.664077688011
30	     9.426208777	              11	   9.36101786094	  0.696408414392
31	   9.36101786094	              11	   9.29312590218	  0.730561056433
32	   9.29312590218	              11	   9.22241633042	  0.766714158408
33	   9.22241633042	              11	   9.14876090155	  0.805086389963
34	   9.14876090155	              11	    9.0720160402	  0.845951561497
35	    9.0720160402	              11	   8.99201754538	  0.889661240282
36	   8.99201754538	              11	   8.90857273015	  0.936679957139
37	   8.90857273015	              11	   8.82144838437	  0.987642187434
38	   8.82144838437	              11	    8.7303516203	    1.0434489701
39	    8.7303516203	              11	   8.63489789218	   1.10544130697
40	   8.63489789218	              11	   8.53455422122	   1.17573417847
41	   8.53455422122	              11	   8.42852995887	   1.25792116625
42	   8.42852995887	              11	   8.31554228204	   1.35875295916
43	   8.31554228204	              11	   8.19322661666	   1.49288761436
44	   8.19322661666	              11	   8.05623239849	    1.7004750036
45	   8.05623239849	              11	   7.88628295203	   2.15500061941
46	   7.88628295203	              11	   7.27594564202	     8.388425918
47	   7.27594564202	              11	   7.18344238561	   1.28772879966
48	   7.18344238561	              11	   7.08560146177	    1.3808414765
49	   7.08560146177	              11	   6.98302055163	   1.46900484365
50	   6.98302055163	              11	   6.87614327594	   1.55432008037

Falsa Posicao (14, 14.5)

1	              14	            14.5	   13.6745541749	   2.37993737045
2	   13.6745541749	            14.5	   11.9118897509	   14.7975213082
3	   11.9118897509	            14.5	   4.54577984303	   162.042821302
4	   4.54577984303	            14.5	     5.298011446	   14.1983763273
5	     5.298011446	            14.5	 -0.765589873289	   792.016918045
6	 -0.765589873289	            14.5	 -0.941833764872	   18.7128448943
7	 -0.941833764872	            14.5	  -1.34188809304	   29.8127936484
8	  -1.34188809304	            14.5	  -4.63682141868	   71.0601730824
9	  -4.63682141868	            14.5	  -23.7921319181	    80.511114201
10	  -23.7921319181	            14.5	-0.0175773637497	    135256.65676
11	  -23.7921319181	-0.0175773637497	-0.0175788977564	 0.0087264098762
12	  -23.7921319181	-0.0175788977564	-0.0175804321646	0.00872793257226
13	  -23.7921319181	-0.0175804321646	-0.0175819669747	0.00872945579976
14	  -23.7921319181	-0.0175819669747	-0.0175835021867	0.00873097955899
15	  -23.7921319181	-0.0175835021867	-0.0175850378008	0.00873250385019
16	  -23.7921319181	-0.0175850378008	-0.0175865738172	0.00873402867368
17	  -23.7921319181	-0.0175865738172	 -0.017588110236	0.00873555402974
18	  -23.7921319181	 -0.017588110236	-0.0175896470576	0.00873707991861
19	  -23.7921319181	-0.0175896470576	-0.0175911842819	 0.0087386063406
20	  -23.7921319181	-0.0175911842819	-0.0175927219092	  0.008740133296
21	  -23.7921319181	-0.0175927219092	-0.0175942599398	0.00874166078505
22	  -23.7921319181	-0.0175942599398	-0.0175957983736	0.00874318880805
23	  -23.7921319181	-0.0175957983736	 -0.017597337211	0.00874471736527
24	  -23.7921319181	 -0.017597337211	-0.0175988764522	0.00874624645703
25	  -23.7921319181	-0.0175988764522	-0.0176004160971	0.00874777608358
26	  -23.7921319181	-0.0176004160971	-0.0176019561462	0.00874930624519
27	  -23.7921319181	-0.0176019561462	-0.0176034965995	0.00875083694217
28	  -23.7921319181	-0.0176034965995	-0.0176050374572	0.00875236817477
29	  -23.7921319181	-0.0176050374572	-0.0176065787195	0.00875389994331
30	  -23.7921319181	-0.0176065787195	-0.0176081203865	0.00875543224803
31	  -23.7921319181	-0.0176081203865	-0.0176096624585	0.00875696508922
32	  -23.7921319181	-0.0176096624585	-0.0176112049356	0.00875849846718
33	  -23.7921319181	-0.0176112049356	 -0.017612747818	 0.0087600323822
34	  -23.7921319181	 -0.017612747818	-0.0176142911059	 0.0087615668345
35	  -23.7921319181	-0.0176142911059	-0.0176158347995	0.00876310182445
36	  -23.7921319181	-0.0176158347995	-0.0176173788988	0.00876463735227
37	  -23.7921319181	-0.0176173788988	-0.0176189234042	0.00876617341828
38	  -23.7921319181	-0.0176189234042	-0.0176204683158	0.00876771002274
39	  -23.7921319181	-0.0176204683158	-0.0176220136337	0.00876924716592
40	  -23.7921319181	-0.0176220136337	-0.0176235593582	0.00877078484814
41	  -23.7921319181	-0.0176235593582	-0.0176251054894	0.00877232306966
42	  -23.7921319181	-0.0176251054894	-0.0176266520275	0.00877386183078
43	  -23.7921319181	-0.0176266520275	-0.0176281989726	0.00877540113176
44	  -23.7921319181	-0.0176281989726	-0.0176297463251	0.00877694097291
45	  -23.7921319181	-0.0176297463251	-0.0176312940849	0.00877848135449
46	  -23.7921319181	-0.0176312940849	-0.0176328422524	0.00878002227681
47	  -23.7921319181	-0.0176328422524	-0.0176343908277	0.00878156374011
48	  -23.7921319181	-0.0176343908277	-0.0176359398109	0.00878310574474
49	  -23.7921319181	-0.0176359398109	-0.0176374892023	0.00878464829095
50	  -23.7921319181	-0.0176374892023	 -0.017639039002	0.00878619137901

Falsa Posicao (17, 17.5)

1	              17	            17.5	   16.1998667635	   4.93913467414
2	   16.1998667635	            17.5	   12.9579870533	   25.0183897918
3	   12.9579870533	            17.5	   6.89691876763	   87.8808130111
4	   6.89691876763	            17.5	   2.72904519799	    152.72277545
5	   2.72904519799	            17.5	  0.238250834419	   1045.45042608
6	  0.238250834419	            17.5	  0.241878253933	   1.49968815076
7	  0.241878253933	            17.5	  0.245675766845	   1.54574175594
8	  0.245675766845	            17.5	  0.249657069403	   1.59470852054
9	  0.249657069403	            17.5	  0.253837451492	   1.64687364489
10	  0.253837451492	            17.5	  0.258234043066	   1.70256079366
11	  0.258234043066	            17.5	  0.262866108772	   1.76213880435
12	  0.262866108772	            17.5	  0.267755402343	   1.82602984989
13	  0.267755402343	            17.5	    0.2729265956	   1.89471943727
14	    0.2729265956	            17.5	  0.278407801369	   1.96876874235
15	  0.278407801369	            17.5	  0.284231215623	   2.04882994343
16	  0.284231215623	            17.5	  0.290433912314	   2.13566543988
17	  0.290433912314	            17.5	  0.297058835752	   2.23017215455
18	  0.297058835752	            17.5	  0.304156051257	   2.33341256099
19	  0.304156051257	            17.5	  0.311784337436	   2.44665471066
20	  0.311784337436	            17.5	  0.320013236064	   2.57142446006
21	  0.320013236064	            17.5	  0.328925723482	   2.70957446686
22	  0.328925723482	            17.5	  0.338621739088	   2.86337659013
23	  0.338621739088	            17.5	  0.349222915834	   3.03564750908
24	  0.349222915834	            17.5	  0.360879028325	   3.22992237734
25	  0.360879028325	            17.5	   0.37377694718	   3.45069939499
26	   0.37377694718	            17.5	  0.388153337681	   3.70379154465
27	  0.388153337681	            17.5	  0.404313104036	    3.9968445727
28	  0.404313104036	            17.5	  0.422656924691	   4.34012069428
29	  0.422656924691	            17.5	  0.443723691437	   4.74772187131
30	  0.443723691437	            17.5	   0.46825841842	   5.23956986514
31	   0.46825841842	            17.5	  0.497325882076	    5.8447518426
32	  0.497325882076	            17.5	   0.53251142809	   6.60747247066
33	   0.53251142809	            17.5	   0.57630067831	   7.59833397172
34	   0.57630067831	            17.5	  0.632862657101	   8.93748085095
35	  0.632862657101	            17.5	  0.709863335498	   10.8472539075
36	  0.709863335498	            17.5	  0.823412350813	   13.7900549103
37	  0.823412350813	            17.5	   1.01544933118	    18.911527584
38	   1.01544933118	            17.5	   1.45142848241	   30.0379354897
39	   1.45142848241	            17.5	   5.28442996245	    72.533868502
40	   5.28442996245	            17.5	 -0.243949677656	    2266.1967391
41	 -0.243949677656	            17.5	  -0.24795870608	   1.61681293128
42	  -0.24795870608	            17.5	 -0.252173058724	   1.67121446882
43	 -0.252173058724	            17.5	  -0.25661091441	   1.72941033942
44	  -0.25661091441	            17.5	 -0.261292790337	   1.79181213562
45	 -0.261292790337	            17.5	 -0.266241943823	   1.85889323647
46	 -0.266241943823	            17.5	 -0.271484861798	   1.93120085592
47	 -0.271484861798	            17.5	 -0.277051861631	    2.0093710255
48	 -0.277051861631	            17.5	 -0.282977834539	   2.09414737997
49	 -0.282977834539	            17.5	 -0.289303173361	   2.18640492204
50	 -0.289303173361	            17.5	  -0.29607494132	   2.28718037709

Ponto Fixo  (4, 4.5)

1	               4	   6.12015848665	               0	   34.6422154145
2	   6.12015848665	   238.404276454	               0	   97.4328654764
3	   238.404276454	   1957.26419572	               0	   87.8195147607
4	   1957.26419572	   725239.024403	               0	   99.7301215007
5	   725239.024403	    1462551.6737	               0	   50.4127589168
6	    1462551.6737	   1883840.97525	               0	   22.3633155392
7	   1883840.97525	   5164139.87422	               0	   63.5207213373
8	   5164139.87422	   12297952.1672	               0	    58.008131728
9	   12297952.1672	    25335160.052	               0	   51.4589521361
10	    25335160.052	   344547363.069	               0	   92.6468280511
11	   344547363.069	   6068645025.96	               0	   94.3224993125
12	   6068645025.96	   6068949913.61	               0	 0.0050237299739
13	   6068949913.61	   11605193753.3	               0	   47.7048807402
14	   11605193753.3	   23286883296.1	               0	   50.1642465172
15	   23286883296.1	   24211905881.1	               0	   3.82052775838
16	   24211905881.1	   34234393374.1	               0	   29.2760773747
17	   34234393374.1	   34346003790.7	               0	  0.324958959673
18	   34346003790.7	   34386439991.3	               0	  0.117593448583
19	   34386439991.3	    437822177020	               0	   92.1460259904
20	    437822177020	8.22796242553e+12	               0	    94.678850554
21	8.22796242553e+12	2.91995389285e+13	               0	   71.8216015476
22	2.91995389285e+13	2.94092593186e+13	               0	  0.713110071264
23	2.94092593186e+13	6.55102200671e+14	               0	   95.5107372119
24	6.55102200671e+14	6.69760787943e+15	               0	    90.218863026
25	6.69760787943e+15	3.2352780029e+16	               0	   79.2981998041
26	3.2352780029e+16	6.76954333424e+16	               0	   52.2083271624
27	6.76954333424e+16	1.13287446816e+17	               0	   40.2445414342
28	1.13287446816e+17	2.21379903988e+19	               0	   99.4882667994
29	2.21379903988e+19	6.78388441279e+20	               0	   96.7366793047
30	6.78388441279e+20	1.5889867204e+21	               0	   57.3068526898
31	1.5889867204e+21	1.1522634473e+23	               0	   98.6209866119
32	1.1522634473e+23	6.99337936075e+23	               0	   83.5235100534
33	6.99337936075e+23	7.4050929336e+23	               0	   5.55987043712
34	7.4050929336e+23	2.5785723377e+24	               0	   71.2821981942
35	2.5785723377e+24	2.66841958968e+24	               0	    3.3670586262
36	2.66841958968e+24	4.3576761915e+24	               0	   38.7650786241
37	4.3576761915e+24	7.23593830521e+24	               0	   39.7773169464
38	7.23593830521e+24	2.59220864038e+25	               0	   72.0858182768
39	2.59220864038e+25	7.12277163193e+26	               0	    96.360674223
40	7.12277163193e+26	1.9220527286e+28	               0	   96.2941851043
41	1.9220527286e+28	3.23062173938e+28	               0	   40.5051756704
42	3.23062173938e+28	4.30076205906e+28	               0	   24.8825744132
43	4.30076205906e+28	4.4788541267e+28	               0	   3.97628640278
44	4.4788541267e+28	9.08150192872e+28	               0	   50.6815704952
45	9.08150192872e+28	5.33845296179e+30	               0	   98.2988513725
46	5.33845296179e+30	8.3687707168e+30	               0	    36.209831259
47	8.3687707168e+30	3.85912528473e+33	               0	   99.7831433265
48	3.85912528473e+33	1.99825714689e+35	               0	   98.0687544189
49	1.99825714689e+35	1.13943451406e+36	               0	   82.4627293432
50	1.13943451406e+36	3.23247433187e+36	               0	   64.7503925142

Ponto Fixo  (7.5, 8)

1	             7.5	   8.15469155353	               0	   8.02840364022
2	   8.15469155353	   9.24904953662	               0	   11.8321128971
3	   9.24904953662	   308.245259621	               0	   96.9994511682
4	   308.245259621	    2364.6540343	               0	   86.9644668882
5	    2364.6540343	   3498.78753884	               0	   32.4150435528
6	   3498.78753884	   5314.01376206	               0	   34.1592307529
7	   5314.01376206	   5314.53274548	               0	0.00976536315248
8	   5314.53274548	   7129.33760091	               0	   25.4554484164
9	   7129.33760091	   9327.41164407	               0	   23.5657450002
10	   9327.41164407	   17550339.3423	               0	   99.9468533829
11	   17550339.3423	    17610064.114	               0	  0.339151358618
12	    17610064.114	   17612612.2565	               0	 0.0144677144048
13	   17612612.2565	   19583641.9068	               0	   10.0646736683
14	   19583641.9068	    72780560.586	               0	   73.0922079342
15	    72780560.586	   3922648054.46	               0	   98.1446064094
16	   3922648054.46	   8032603893.69	               0	   51.1659219554
17	   8032603893.69	   34023922218.4	               0	   76.3913053817
18	   34023922218.4	    192387439124	               0	    82.314894167
19	    192387439124	    233894599589	               0	   17.7460961214
20	    233894599589	    326304071470	               0	   28.3200486787
21	    326304071470	1.25198094371e+14	               0	   99.7393697779
22	1.25198094371e+14	4.95514776033e+14	               0	   74.7337313787
23	4.95514776033e+14	5.37675626102e+15	               0	   90.7841316962
24	5.37675626102e+15	5.79146314652e+15	               0	   7.16065828288
25	5.79146314652e+15	9.74262993919e+16	               0	   94.0555443626
26	9.74262993919e+16	2.46106270643e+17	               0	   60.4129146579
27	2.46106270643e+17	3.89887368002e+17	               0	   36.8775982909
28	3.89887368002e+17	3.92055718815e+17	               0	  0.553072103911
29	3.92055718815e+17	5.81508590025e+17	               0	   32.5795481718
30	5.81508590025e+17	5.31417873291e+18	               0	   89.0574137745
31	5.31417873291e+18	5.87204953535e+18	               0	   9.50044442027
32	5.87204953535e+18	9.12400209674e+20	               0	   99.3564173404
33	9.12400209674e+20	1.17300098782e+21	               0	   22.2165864185
34	1.17300098782e+21	5.33932391834e+21	               0	   78.0309079246
35	5.33932391834e+21	9.96483202443e+21	               0	   46.4183249126
36	9.96483202443e+21	1.16585455828e+22	               0	   14.5276573849
37	1.16585455828e+22	5.51624320703e+25	               0	   99.9788650624
38	5.51624320703e+25	8.87046571529e+25	               0	   37.8133754858
39	8.87046571529e+25	1.54228097306e+27	               0	   94.2484762049
40	1.54228097306e+27	1.57989281767e+27	               0	   2.38065799066
41	1.57989281767e+27	4.76660130808e+27	               0	   66.8549409619
42	4.76660130808e+27	4.82591506897e+27	               0	   1.22906764922
43	4.82591506897e+27	4.89220950686e+27	               0	   1.35510218427
44	4.89220950686e+27	1.82075219184e+29	               0	   97.3130832802
45	1.82075219184e+29	1.83991798559e+29	               0	   1.04166565606
46	1.83991798559e+29	5.83815794233e+30	               0	   96.8484614432
47	5.83815794233e+30	1.42489117229e+31	               0	   59.0273414851
48	1.42489117229e+31	1.17994816647e+32	               0	   87.9241206285
49	1.17994816647e+32	  5.20566445e+32	               0	   77.3333802475
50	  5.20566445e+32	7.8119816657e+33	               0	   93.3363073894

Ponto Fixo  (10.5, 11)

1	            10.5	   13.0276947523	               0	   19.4024714302
2	   13.0276947523	   63.7367937341	               0	   79.5601661315
3	   63.7367937341	   102.280583745	               0	   37.6843664749
4	   102.280583745	   105.803023355	               0	   3.32924286889
5	   105.803023355	   147.956001075	               0	   28.4902115586
6	   147.956001075	   1678.47007757	               0	   91.1850676963
7	   1678.47007757	   2923.65733121	               0	   42.5900545987
8	   2923.65733121	    3462.4957017	               0	   15.5621383221
9	    3462.4957017	   17523.7989874	               0	   80.2411811264
10	   17523.7989874	   749836557.822	               0	   99.9976629842
11	   749836557.822	   874147839.518	               0	   14.2208532786
12	   874147839.518	   1306593675.75	               0	   33.0971934318
13	   1306593675.75	   3322754877.44	               0	   60.6773980043
14	   3322754877.44	   17207432956.3	               0	   80.6900024781
15	   17207432956.3	   68113946072.2	               0	    74.737283701
16	   68113946072.2	    147206088147	               0	   53.7288525701
17	    147206088147	    149871685294	               0	   1.77858622361
18	    149871685294	    296546588459	               0	   49.4609983297
19	    296546588459	    303297552519	               0	   2.22585510627
20	    303297552519	3.48027027159e+12	               0	   91.2852299146
21	3.48027027159e+12	4.26895030034e+13	               0	   91.8474799969
22	4.26895030034e+13	6.73702338631e+13	               0	   36.6344740763
23	6.73702338631e+13	4.77144403981e+17	               0	   99.9858805357
24	4.77144403981e+17	8.0471810456e+17	               0	   40.7066398435
25	8.0471810456e+17	2.02523753101e+18	               0	    60.265495171
26	2.02523753101e+18	3.72626198401e+18	               0	   45.6496204586
27	3.72626198401e+18	2.17893380321e+19	               0	   82.8986911924
28	2.17893380321e+19	6.8273761639e+19	               0	   68.0853412658
29	6.8273761639e+19	1.78654598808e+21	               0	   96.1784492482
30	1.78654598808e+21	2.10501311762e+21	               0	   15.1289855093
31	2.10501311762e+21	1.72097533423e+23	               0	   98.7768487579
32	1.72097533423e+23	3.05261622409e+23	               0	    43.622938231
33	3.05261622409e+23	7.77765689409e+23	               0	   60.7514671107
34	7.77765689409e+23	4.83398297836e+24	               0	   83.9104586654
35	4.83398297836e+24	5.48311194565e+24	               0	   11.8386962317
36	5.48311194565e+24	3.90121815468e+25	               0	   85.9451286028
37	3.90121815468e+25	1.17730741065e+26	               0	   66.8632158485
38	1.17730741065e+26	1.36760064073e+26	               0	   13.9143858526
39	1.36760064073e+26	1.50806245194e+27	               0	   90.9314057984
40	1.50806245194e+27	2.32556366703e+27	               0	   35.1528202251
41	2.32556366703e+27	2.37492662079e+27	               0	   2.07850437669
42	2.37492662079e+27	4.08554454069e+28	               0	   94.1870010298
43	4.08554454069e+28	4.2051984289e+28	               0	   2.84538031296
44	4.2051984289e+28	9.55497731842e+29	               0	   95.5989446246
45	9.55497731842e+29	9.5578012403e+29	               0	 0.0295457272142
46	9.5578012403e+29	1.25148139129e+30	               0	   23.6280994125
47	1.25148139129e+30	1.51488201207e+31	               0	   91.7387533727
48	1.51488201207e+31	1.52065593317e+31	               0	  0.379699377198
49	1.52065593317e+31	1.52071545359e+31	               0	0.00391397453888
50	1.52071545359e+31	7.49973548346e+31	               0	    79.723078808

Ponto Fixo  (14, 14.5)

1	              14	   14.1287125895	               0	  0.911000126343
2	   14.1287125895	   14.1212679493	               0	 0.0527193466253
3	   14.1212679493	   14.1089377644	               0	 0.0873927232398
4	   14.1089377644	   14.0919502834	               0	  0.120547409199
5	   14.0919502834	   14.0755537438	               0	  0.116489481665
6	   14.0755537438	   14.0674314044	               0	 0.0577386104484
7	   14.0674314044	   14.0662155599	               0	0.00864372132079
8	   14.0662155599	   14.0661939195	               0	0.000153847534801
9	   14.0661939195	   14.0661939128	               0	4.70964984685e-08

Ponto Fixo  (17, 17.5)

1	              17	   18.1063807908	               0	   6.11044693924
2	   18.1063807908	   40.6367332704	               0	   55.4433160994
3	   40.6367332704	   995.238010275	               0	   95.9168829113
4	   995.238010275	   2741.30143467	               0	   63.6946890376
5	   2741.30143467	   2938.45692609	               0	   6.70949060607
6	   2938.45692609	   3827.45585852	               0	   23.2268892259
7	   3827.45585852	   5432.71825316	               0	   29.5480516352
8	   5432.71825316	   8789.56144399	               0	   38.1912477912
9	   8789.56144399	   26420.8235676	               0	   66.7324471491
10	   26420.8235676	   30678047.1393	               0	    99.913877101
11	   30678047.1393	   45481770.5148	               0	   32.5486963412
12	   45481770.5148	   136351031.637	               0	   66.6436183366
13	   136351031.637	   165863418.231	               0	   17.7931860497
14	   165863418.231	   405808355.958	               0	   59.1276483601
15	   405808355.958	   446278392.296	               0	   9.06833874034
16	   446278392.296	   849456848.696	               0	   47.4630885628
17	   849456848.696	   3156050162.19	               0	   73.0848115511
18	   3156050162.19	   48483568683.1	               0	   93.4904747156
19	   48483568683.1	     78198634673	               0	   37.9994690626
20	     78198634673	   78199043311.3	               0	0.000522561772972
21	   78199043311.3	    654774783247	               0	   88.0571082894
22	    654774783247	1.51754175917e+12	               0	   56.8529314406
23	1.51754175917e+12	1.52624674965e+12	               0	  0.570352761027
24	1.52624674965e+12	1.96450490466e+12	               0	   22.3088348607
25	1.96450490466e+12	4.02709468136e+13	               0	   95.1217811845
26	4.02709468136e+13	5.74866016189e+15	               0	   99.2994724739
27	5.74866016189e+15	6.11986154774e+15	               0	   6.06551934155
28	6.11986154774e+15	6.45495017048e+15	               0	   5.19118837317
29	6.45495017048e+15	7.85367761364e+16	               0	   91.7809840332
30	7.85367761364e+16	4.50045859291e+19	               0	   99.8254916149
31	4.50045859291e+19	5.09805429172e+19	               0	    11.722034812
32	5.09805429172e+19	9.49609683272e+20	               0	   94.6314213286
33	9.49609683272e+20	9.58078320926e+20	               0	  0.883919139929
34	9.58078320926e+20	1.86143828495e+21	               0	   48.5302129716
35	1.86143828495e+21	1.8641908989e+21	               0	  0.147657300327
36	1.8641908989e+21	6.70415508831e+21	               0	   72.1934997872
37	6.70415508831e+21	1.7800008101e+22	               0	   62.3362245103
38	1.7800008101e+22	4.47750491263e+22	               0	   60.2456983334
39	4.47750491263e+22	7.16770358227e+22	               0	   37.5322254717
40	7.16770358227e+22	1.94119823847e+23	               0	   63.0758804525
41	1.94119823847e+23	6.93878563188e+23	               0	   72.0239485487
42	6.93878563188e+23	8.00862372585e+24	               0	   91.3358576087
43	8.00862372585e+24	1.86016986413e+26	               0	   95.6946815018
44	1.86016986413e+26	4.17070899007e+26	               0	   55.3991930735
45	4.17070899007e+26	9.49709797451e+26	               0	    56.084384922
46	9.49709797451e+26	1.3329025545e+27	               0	   28.7487450419
47	1.3329025545e+27	3.03912110958e+27	               0	   56.1418414587
48	3.03912110958e+27	7.14035505168e+27	               0	   57.4373950933
49	7.14035505168e+27	1.27311050514e+28	               0	   43.9140984002
50	1.27311050514e+28	3.77969898479e+28	               0	   66.3171456177

Newton Raphson (4, 4.5)

1	               4	   6.12015848665	               0	   34.6422154145
2	   6.12015848665	   238.404276454	               0	   97.4328654764
3	   238.404276454	   1957.26419572	               0	   87.8195147607
4	   1957.26419572	   725239.024403	               0	   99.7301215007
5	   725239.024403	    1462551.6737	               0	   50.4127589168
6	    1462551.6737	   1883840.97525	               0	   22.3633155392
7	   1883840.97525	   5164139.87422	               0	   63.5207213373
8	   5164139.87422	   12297952.1672	               0	    58.008131728
9	   12297952.1672	    25335160.052	               0	   51.4589521361
10	    25335160.052	   344547363.069	               0	   92.6468280511
11	   344547363.069	   6068645025.96	               0	   94.3224993125
12	   6068645025.96	   6068949913.61	               0	 0.0050237299739
13	   6068949913.61	   11605193753.3	               0	   47.7048807402
14	   11605193753.3	   23286883296.1	               0	   50.1642465172
15	   23286883296.1	   24211905881.1	               0	   3.82052775838
16	   24211905881.1	   34234393374.1	               0	   29.2760773747
17	   34234393374.1	   34346003790.7	               0	  0.324958959673
18	   34346003790.7	   34386439991.3	               0	  0.117593448583
19	   34386439991.3	    437822177020	               0	   92.1460259904
20	    437822177020	8.22796242553e+12	               0	    94.678850554
21	8.22796242553e+12	2.91995389285e+13	               0	   71.8216015476
22	2.91995389285e+13	2.94092593186e+13	               0	  0.713110071264
23	2.94092593186e+13	6.55102200671e+14	               0	   95.5107372119
24	6.55102200671e+14	6.69760787943e+15	               0	    90.218863026
25	6.69760787943e+15	3.2352780029e+16	               0	   79.2981998041
26	3.2352780029e+16	6.76954333424e+16	               0	   52.2083271624
27	6.76954333424e+16	1.13287446816e+17	               0	   40.2445414342
28	1.13287446816e+17	2.21379903988e+19	               0	   99.4882667994
29	2.21379903988e+19	6.78388441279e+20	               0	   96.7366793047
30	6.78388441279e+20	1.5889867204e+21	               0	   57.3068526898
31	1.5889867204e+21	1.1522634473e+23	               0	   98.6209866119
32	1.1522634473e+23	6.99337936075e+23	               0	   83.5235100534
33	6.99337936075e+23	7.4050929336e+23	               0	   5.55987043712
34	7.4050929336e+23	2.5785723377e+24	               0	   71.2821981942
35	2.5785723377e+24	2.66841958968e+24	               0	    3.3670586262
36	2.66841958968e+24	4.3576761915e+24	               0	   38.7650786241
37	4.3576761915e+24	7.23593830521e+24	               0	   39.7773169464
38	7.23593830521e+24	2.59220864038e+25	               0	   72.0858182768
39	2.59220864038e+25	7.12277163193e+26	               0	    96.360674223
40	7.12277163193e+26	1.9220527286e+28	               0	   96.2941851043
41	1.9220527286e+28	3.23062173938e+28	               0	   40.5051756704
42	3.23062173938e+28	4.30076205906e+28	               0	   24.8825744132
43	4.30076205906e+28	4.4788541267e+28	               0	   3.97628640278
44	4.4788541267e+28	9.08150192872e+28	               0	   50.6815704952
45	9.08150192872e+28	5.33845296179e+30	               0	   98.2988513725
46	5.33845296179e+30	8.3687707168e+30	               0	    36.209831259
47	8.3687707168e+30	3.85912528473e+33	               0	   99.7831433265
48	3.85912528473e+33	1.99825714689e+35	               0	   98.0687544189
49	1.99825714689e+35	1.13943451406e+36	               0	   82.4627293432
50	1.13943451406e+36	3.23247433187e+36	               0	   64.7503925142

Newton Raphson (7.5, 8)

1	             7.5	   8.15469155353	               0	   8.02840364022
2	   8.15469155353	   9.24904953662	               0	   11.8321128971
3	   9.24904953662	   308.245259621	               0	   96.9994511682
4	   308.245259621	    2364.6540343	               0	   86.9644668882
5	    2364.6540343	   3498.78753884	               0	   32.4150435528
6	   3498.78753884	   5314.01376206	               0	   34.1592307529
7	   5314.01376206	   5314.53274548	               0	0.00976536315248
8	   5314.53274548	   7129.33760091	               0	   25.4554484164
9	   7129.33760091	   9327.41164407	               0	   23.5657450002
10	   9327.41164407	   17550339.3423	               0	   99.9468533829
11	   17550339.3423	    17610064.114	               0	  0.339151358618
12	    17610064.114	   17612612.2565	               0	 0.0144677144048
13	   17612612.2565	   19583641.9068	               0	   10.0646736683
14	   19583641.9068	    72780560.586	               0	   73.0922079342
15	    72780560.586	   3922648054.46	               0	   98.1446064094
16	   3922648054.46	   8032603893.69	               0	   51.1659219554
17	   8032603893.69	   34023922218.4	               0	   76.3913053817
18	   34023922218.4	    192387439124	               0	    82.314894167
19	    192387439124	    233894599589	               0	   17.7460961214
20	    233894599589	    326304071470	               0	   28.3200486787
21	    326304071470	1.25198094371e+14	               0	   99.7393697779
22	1.25198094371e+14	4.95514776033e+14	               0	   74.7337313787
23	4.95514776033e+14	5.37675626102e+15	               0	   90.7841316962
24	5.37675626102e+15	5.79146314652e+15	               0	   7.16065828288
25	5.79146314652e+15	9.74262993919e+16	               0	   94.0555443626
26	9.74262993919e+16	2.46106270643e+17	               0	   60.4129146579
27	2.46106270643e+17	3.89887368002e+17	               0	   36.8775982909
28	3.89887368002e+17	3.92055718815e+17	               0	  0.553072103911
29	3.92055718815e+17	5.81508590025e+17	               0	   32.5795481718
30	5.81508590025e+17	5.31417873291e+18	               0	   89.0574137745
31	5.31417873291e+18	5.87204953535e+18	               0	   9.50044442027
32	5.87204953535e+18	9.12400209674e+20	               0	   99.3564173404
33	9.12400209674e+20	1.17300098782e+21	               0	   22.2165864185
34	1.17300098782e+21	5.33932391834e+21	               0	   78.0309079246
35	5.33932391834e+21	9.96483202443e+21	               0	   46.4183249126
36	9.96483202443e+21	1.16585455828e+22	               0	   14.5276573849
37	1.16585455828e+22	5.51624320703e+25	               0	   99.9788650624
38	5.51624320703e+25	8.87046571529e+25	               0	   37.8133754858
39	8.87046571529e+25	1.54228097306e+27	               0	   94.2484762049
40	1.54228097306e+27	1.57989281767e+27	               0	   2.38065799066
41	1.57989281767e+27	4.76660130808e+27	               0	   66.8549409619
42	4.76660130808e+27	4.82591506897e+27	               0	   1.22906764922
43	4.82591506897e+27	4.89220950686e+27	               0	   1.35510218427
44	4.89220950686e+27	1.82075219184e+29	               0	   97.3130832802
45	1.82075219184e+29	1.83991798559e+29	               0	   1.04166565606
46	1.83991798559e+29	5.83815794233e+30	               0	   96.8484614432
47	5.83815794233e+30	1.42489117229e+31	               0	   59.0273414851
48	1.42489117229e+31	1.17994816647e+32	               0	   87.9241206285
49	1.17994816647e+32	  5.20566445e+32	               0	   77.3333802475
50	  5.20566445e+32	7.8119816657e+33	               0	   93.3363073894

Newton Raphson (10.5, 11)

1	            10.5	   13.0276947523	               0	   19.4024714302
2	   13.0276947523	   63.7367937341	               0	   79.5601661315
3	   63.7367937341	   102.280583745	               0	   37.6843664749
4	   102.280583745	   105.803023355	               0	   3.32924286889
5	   105.803023355	   147.956001075	               0	   28.4902115586
6	   147.956001075	   1678.47007757	               0	   91.1850676963
7	   1678.47007757	   2923.65733121	               0	   42.5900545987
8	   2923.65733121	    3462.4957017	               0	   15.5621383221
9	    3462.4957017	   17523.7989874	               0	   80.2411811264
10	   17523.7989874	   749836557.822	               0	   99.9976629842
11	   749836557.822	   874147839.518	               0	   14.2208532786
12	   874147839.518	   1306593675.75	               0	   33.0971934318
13	   1306593675.75	   3322754877.44	               0	   60.6773980043
14	   3322754877.44	   17207432956.3	               0	   80.6900024781
15	   17207432956.3	   68113946072.2	               0	    74.737283701
16	   68113946072.2	    147206088147	               0	   53.7288525701
17	    147206088147	    149871685294	               0	   1.77858622361
18	    149871685294	    296546588459	               0	   49.4609983297
19	    296546588459	    303297552519	               0	   2.22585510627
20	    303297552519	3.48027027159e+12	               0	   91.2852299146
21	3.48027027159e+12	4.26895030034e+13	               0	   91.8474799969
22	4.26895030034e+13	6.73702338631e+13	               0	   36.6344740763
23	6.73702338631e+13	4.77144403981e+17	               0	   99.9858805357
24	4.77144403981e+17	8.0471810456e+17	               0	   40.7066398435
25	8.0471810456e+17	2.02523753101e+18	               0	    60.265495171
26	2.02523753101e+18	3.72626198401e+18	               0	   45.6496204586
27	3.72626198401e+18	2.17893380321e+19	               0	   82.8986911924
28	2.17893380321e+19	6.8273761639e+19	               0	   68.0853412658
29	6.8273761639e+19	1.78654598808e+21	               0	   96.1784492482
30	1.78654598808e+21	2.10501311762e+21	               0	   15.1289855093
31	2.10501311762e+21	1.72097533423e+23	               0	   98.7768487579
32	1.72097533423e+23	3.05261622409e+23	               0	    43.622938231
33	3.05261622409e+23	7.77765689409e+23	               0	   60.7514671107
34	7.77765689409e+23	4.83398297836e+24	               0	   83.9104586654
35	4.83398297836e+24	5.48311194565e+24	               0	   11.8386962317
36	5.48311194565e+24	3.90121815468e+25	               0	   85.9451286028
37	3.90121815468e+25	1.17730741065e+26	               0	   66.8632158485
38	1.17730741065e+26	1.36760064073e+26	               0	   13.9143858526
39	1.36760064073e+26	1.50806245194e+27	               0	   90.9314057984
40	1.50806245194e+27	2.32556366703e+27	               0	   35.1528202251
41	2.32556366703e+27	2.37492662079e+27	               0	   2.07850437669
42	2.37492662079e+27	4.08554454069e+28	               0	   94.1870010298
43	4.08554454069e+28	4.2051984289e+28	               0	   2.84538031296
44	4.2051984289e+28	9.55497731842e+29	               0	   95.5989446246
45	9.55497731842e+29	9.5578012403e+29	               0	 0.0295457272142
46	9.5578012403e+29	1.25148139129e+30	               0	   23.6280994125
47	1.25148139129e+30	1.51488201207e+31	               0	   91.7387533727
48	1.51488201207e+31	1.52065593317e+31	               0	  0.379699377198
49	1.52065593317e+31	1.52071545359e+31	               0	0.00391397453888
50	1.52071545359e+31	7.49973548346e+31	               0	    79.723078808

Newton Raphson (14, 14.5)

1	              14	   14.1287125895	               0	  0.911000126343
2	   14.1287125895	   14.1212679493	               0	 0.0527193466253
3	   14.1212679493	   14.1089377644	               0	 0.0873927232398
4	   14.1089377644	   14.0919502834	               0	  0.120547409199
5	   14.0919502834	   14.0755537438	               0	  0.116489481665
6	   14.0755537438	   14.0674314044	               0	 0.0577386104484
7	   14.0674314044	   14.0662155599	               0	0.00864372132079
8	   14.0662155599	   14.0661939195	               0	0.000153847534801
9	   14.0661939195	   14.0661939128	               0	4.70964984685e-08

Newton Raphson (17, 17.5)

1	              17	   18.1063807908	               0	   6.11044693924
2	   18.1063807908	   40.6367332704	               0	   55.4433160994
3	   40.6367332704	   995.238010275	               0	   95.9168829113
4	   995.238010275	   2741.30143467	               0	   63.6946890376
5	   2741.30143467	   2938.45692609	               0	   6.70949060607
6	   2938.45692609	   3827.45585852	               0	   23.2268892259
7	   3827.45585852	   5432.71825316	               0	   29.5480516352
8	   5432.71825316	   8789.56144399	               0	   38.1912477912
9	   8789.56144399	   26420.8235676	               0	   66.7324471491
10	   26420.8235676	   30678047.1393	               0	    99.913877101
11	   30678047.1393	   45481770.5148	               0	   32.5486963412
12	   45481770.5148	   136351031.637	               0	   66.6436183366
13	   136351031.637	   165863418.231	               0	   17.7931860497
14	   165863418.231	   405808355.958	               0	   59.1276483601
15	   405808355.958	   446278392.296	               0	   9.06833874034
16	   446278392.296	   849456848.696	               0	   47.4630885628
17	   849456848.696	   3156050162.19	               0	   73.0848115511
18	   3156050162.19	   48483568683.1	               0	   93.4904747156
19	   48483568683.1	     78198634673	               0	   37.9994690626
20	     78198634673	   78199043311.3	               0	0.000522561772972
21	   78199043311.3	    654774783247	               0	   88.0571082894
22	    654774783247	1.51754175917e+12	               0	   56.8529314406
23	1.51754175917e+12	1.52624674965e+12	               0	  0.570352761027
24	1.52624674965e+12	1.96450490466e+12	               0	   22.3088348607
25	1.96450490466e+12	4.02709468136e+13	               0	   95.1217811845
26	4.02709468136e+13	5.74866016189e+15	               0	   99.2994724739
27	5.74866016189e+15	6.11986154774e+15	               0	   6.06551934155
28	6.11986154774e+15	6.45495017048e+15	               0	   5.19118837317
29	6.45495017048e+15	7.85367761364e+16	               0	   91.7809840332
30	7.85367761364e+16	4.50045859291e+19	               0	   99.8254916149
31	4.50045859291e+19	5.09805429172e+19	               0	    11.722034812
32	5.09805429172e+19	9.49609683272e+20	               0	   94.6314213286
33	9.49609683272e+20	9.58078320926e+20	               0	  0.883919139929
34	9.58078320926e+20	1.86143828495e+21	               0	   48.5302129716
35	1.86143828495e+21	1.8641908989e+21	               0	  0.147657300327
36	1.8641908989e+21	6.70415508831e+21	               0	   72.1934997872
37	6.70415508831e+21	1.7800008101e+22	               0	   62.3362245103
38	1.7800008101e+22	4.47750491263e+22	               0	   60.2456983334
39	4.47750491263e+22	7.16770358227e+22	               0	   37.5322254717
40	7.16770358227e+22	1.94119823847e+23	               0	   63.0758804525
41	1.94119823847e+23	6.93878563188e+23	               0	   72.0239485487
42	6.93878563188e+23	8.00862372585e+24	               0	   91.3358576087
43	8.00862372585e+24	1.86016986413e+26	               0	   95.6946815018
44	1.86016986413e+26	4.17070899007e+26	               0	   55.3991930735
45	4.17070899007e+26	9.49709797451e+26	               0	    56.084384922
46	9.49709797451e+26	1.3329025545e+27	               0	   28.7487450419
47	1.3329025545e+27	3.03912110958e+27	               0	   56.1418414587
48	3.03912110958e+27	7.14035505168e+27	               0	   57.4373950933
49	7.14035505168e+27	1.27311050514e+28	               0	   43.9140984002
50	1.27311050514e+28	3.77969898479e+28	               0	   66.3171456177

Secante (4, 4.5)

1	               4	             4.5	   4.47695392548	             100
2	             4.5	   4.47695392548	   4.49289729676	  0.354857238588
3	   4.47695392548	   4.49289729676	   4.49344930393	 0.0122847088462
4	   4.49289729676	   4.49344930393	   4.49340936166	0.000888907828914
5	   4.49344930393	   4.49340936166	   4.49340945789	2.14157990019e-06

Secante (7.5, 8)

1	             7.5	               8	   7.26043785038	             100
2	               8	   7.26043785038	   6.78674145954	   6.97973237472
3	   7.26043785038	   6.78674145954	   13.2431152438	   48.7526814151
4	   6.78674145954	   13.2431152438	  0.297273033152	   4354.86598746
5	   13.2431152438	  0.297273033152	  0.306713225414	   3.07785627761
6	  0.297273033152	  0.306713225414	  0.203741385119	   50.5404634582
7	  0.306713225414	  0.203741385119	   0.16232396334	   25.5152849441
8	  0.203741385119	   0.16232396334	  0.120470307415	   34.7418852189
9	   0.16232396334	  0.120470307415	 0.0917640350015	   31.2827050522
10	  0.120470307415	 0.0917640350015	 0.0691290147844	   32.7431546475
11	 0.0917640350015	 0.0691290147844	 0.0522680661571	   32.2586042817
12	 0.0691290147844	 0.0522680661571	 0.0394500498722	   32.4917619278
13	 0.0522680661571	 0.0394500498722	 0.0297896668774	   32.4286372001
14	 0.0394500498722	 0.0297896668774	 0.0224881671981	   32.4681847788
15	 0.0297896668774	 0.0224881671981	 0.0169771143619	   32.4616581992
16	 0.0224881671981	 0.0169771143619	 0.0128159025956	   32.4691275958
17	 0.0169771143619	 0.0128159025956	  0.009674637072	    32.469078687
18	 0.0128159025956	  0.009674637072	0.00730322743023	   32.4707078402
19	  0.009674637072	0.00730322743023	0.00551307645219	   32.4709986077
20	0.00730322743023	0.00551307645219	0.00416171041423	   32.4714096719
21	0.00551307645219	0.00416171041423	0.00314158808443	   32.4715494962
22	0.00416171041423	0.00314158808443	0.00237151701257	    32.471665511
23	0.00314158808443	0.00237151701257	0.00179020628315	   32.4717176392
24	0.00237151701257	0.00179020628315	0.00135138717979	   32.4717527234
25	0.00179020628315	0.00135138717979	0.00102013219362	   32.4717706428
26	0.00135138717979	0.00102013219362	0.00077007509129	   32.4717816693
27	0.00102013219362	0.00077007509129	0.000581312523382	    32.471787604
28	0.00077007509129	0.000581312523382	0.000438819856124	    32.471791162
29	0.000581312523382	0.000438819856124	0.000331255315384	   32.4717931287
30	0.000438819856124	0.000331255315384	0.000250057242188	   32.4717942524
31	0.000331255315384	0.000250057242188	0.00018876262911	   32.4717945321
32	0.000250057242188	0.00018876262911	0.000142492692715	   32.4717959311
33	0.00018876262911	0.000142492692715	0.000107564551825	    32.471795119
34	0.000142492692715	0.000107564551825	8.11980774384e-05	   32.4717964007
35	0.000107564551825	8.11980774384e-05	6.12946151372e-05	   32.4717958611
36	8.11980774384e-05	6.12946151372e-05	4.62699387645e-05	   32.4717878904
37	6.12946151372e-05	4.62699387645e-05	3.49281390723e-05	   32.4718121077
38	4.62699387645e-05	3.49281390723e-05	2.63664713161e-05	   32.4717997091
39	3.49281390723e-05	2.63664713161e-05	1.99034631673e-05	   32.4717768684
40	2.63664713161e-05	1.99034631673e-05	1.5024678438e-05	   32.4718079625
41	1.99034631673e-05	1.5024678438e-05	1.13417939561e-05	   32.4717985196
42	1.5024678438e-05	1.13417939561e-05	8.56166610756e-06	   32.4718087995
43	1.13417939561e-05	8.56166610756e-06	6.46299979287e-06	   32.4720158124
44	8.56166610756e-06	6.46299979287e-06	 4.878792884e-06	   32.4712884219
45	6.46299979287e-06	 4.878792884e-06	3.68287865268e-06	   32.4722681385
46	 4.878792884e-06	3.68287865268e-06	2.78013378058e-06	   32.4712745265
47	3.68287865268e-06	2.78013378058e-06	2.09868308977e-06	    32.470395084
48	2.78013378058e-06	2.09868308977e-06	1.58425393385e-06	   32.4713825817
49	2.09868308977e-06	1.58425393385e-06	1.19590366405e-06	   32.4733740249
50	1.58425393385e-06	1.19590366405e-06	9.02817337634e-07	   32.4635243691

Secante (10.5, 11)

1	            10.5	              11	   10.4810554715	             100
2	              11	   10.4810554715	   10.4612468344	    0.1893525446
3	   10.4810554715	   10.4612468344	   13.3948953328	   21.9012424173
4	   10.4612468344	   13.3948953328	   3.17867529867	   321.398666871
5	   13.3948953328	   3.17867529867	 -0.323955430756	   1081.20759737
6	   3.17867529867	 -0.323955430756	 -0.337194402246	   3.92621330669
7	 -0.323955430756	 -0.337194402246	 -0.223522630307	   50.8547039655
8	 -0.337194402246	 -0.223522630307	 -0.178500391007	    25.222487775
9	 -0.223522630307	 -0.178500391007	 -0.132469362352	   34.7484337796
10	 -0.178500391007	 -0.132469362352	 -0.100959372726	   31.2105639876
11	 -0.132469362352	 -0.100959372726	-0.0760629429425	   32.7313522464
12	 -0.100959372726	-0.0760629429425	-0.0575187930798	   32.2401581636
13	-0.0760629429425	-0.0575187930798	-0.0434150751533	    32.485761862
14	-0.0575187930798	-0.0434150751533	-0.0327850340055	    32.423456221
15	-0.0434150751533	-0.0327850340055	-0.0247497898351	   32.4659086964
16	-0.0327850340055	-0.0247497898351	-0.0186847133654	   32.4600990717
17	-0.0247497898351	-0.0186847133654	-0.0141050408023	   32.4683397042
18	-0.0186847133654	-0.0141050408023	-0.0106478378848	   32.4685908534
19	-0.0141050408023	-0.0106478378848	-0.00803789698402	   32.4704447683
20	-0.0106478378848	-0.00803789698402	-0.00606767255754	   32.4708429434
21	-0.00803789698402	-0.00606767255754	-0.00458036683863	    32.471323178
22	-0.00606767255754	-0.00458036683863	-0.00345762436507	   32.4714993598
23	-0.00458036683863	-0.00345762436507	-0.00261008653359	   32.4716372643
24	-0.00345762436507	-0.00261008653359	-0.00197029743382	   32.4717014191
25	-0.00261008653359	-0.00197029743382	-0.00148733411466	   32.4717435306
26	-0.00197029743382	-0.00148733411466	-0.00112275556253	   32.4717653866
27	-0.00148733411466	-0.00112275556253	-0.000847543207979	   32.4717786611
28	-0.00112275556253	-0.000847543207979	-0.000639791486253	   32.4717859161
29	-0.000847543207979	-0.000639791486253	-0.000482964324351	     32.47179015
30	-0.000639791486253	-0.000482964324351	-0.000364578990595	   32.4717926183
31	-0.000482964324351	-0.000364578990595	-0.00027521254154	   32.4717938195
32	-0.000364578990595	-0.00027521254154	-0.000207751802798	   32.4717946286
33	-0.00027521254154	-0.000207751802798	-0.000156827196919	   32.4717949946
34	-0.000207751802798	-0.000156827196919	-0.00011838534873	    32.471795371
35	-0.000156827196919	-0.00011838534873	-8.93664557004e-05	   32.4717958236
36	-0.00011838534873	-8.93664557004e-05	-6.74607421326e-05	   32.4717945212
37	-8.93664557004e-05	-6.74607421326e-05	-5.09246051239e-05	   32.4718021248
38	-6.74607421326e-05	-5.09246051239e-05	-3.8441848138e-05	   32.4717920459
39	-5.09246051239e-05	-3.8441848138e-05	-2.90188958095e-05	   32.4717811125
40	-3.8441848138e-05	-2.90188958095e-05	-2.19057157435e-05	   32.4717993662
41	-2.90188958095e-05	-2.19057157435e-05	-1.65361365604e-05	   32.4717878537
42	-2.19057157435e-05	-1.65361365604e-05	-1.24827607707e-05	    32.471789408
43	-1.65361365604e-05	-1.24827607707e-05	-9.42295953223e-06	   32.4717646082
44	-1.24827607707e-05	-9.42295953223e-06	-7.11316652352e-06	   32.4720783785
45	-9.42295953223e-06	-7.11316652352e-06	-5.36958228771e-06	     32.47150602
46	-7.11316652352e-06	-5.36958228771e-06	-4.05336068452e-06	   32.4723533295
47	-5.36958228771e-06	-4.05336068452e-06	-3.05983496215e-06	    32.469912092
48	-4.05336068452e-06	-3.05983496215e-06	-2.30975065263e-06	   32.4746876317
49	-3.05983496215e-06	-2.30975065263e-06	-1.74365589515e-06	   32.4659675719
50	-2.30975065263e-06	-1.74365589515e-06	-1.31617777089e-06	   32.4787527731

Secante (14, 14.5)

1	              14	            14.5	   13.6745541749	             100
2	            14.5	   13.6745541749	   11.9118897509	   14.7975213082
3	   13.6745541749	   11.9118897509	   34.0437203418	   65.0100234897
4	   11.9118897509	   34.0437203418	 -0.884639331256	   3948.31638601
5	   34.0437203418	 -0.884639331256	  -1.22760591884	   27.9378408264
6	 -0.884639331256	  -1.22760591884	 -0.791141541518	   55.1689368353
7	  -1.22760591884	 -0.791141541518	 -0.719907898562	    9.8948272548
8	 -0.791141541518	 -0.719907898562	 -0.543553129502	   32.4448079659
9	 -0.719907898562	 -0.543553129502	 -0.432339749778	    25.723607367
10	 -0.543553129502	 -0.432339749778	 -0.329869350259	   31.0639346874
11	 -0.432339749778	 -0.329869350259	 -0.252679911209	   30.5483086015
12	 -0.329869350259	 -0.252679911209	 -0.191746918308	   31.7778212232
13	 -0.252679911209	 -0.191746918308	 -0.145368558048	   31.9039831463
14	 -0.191746918308	 -0.145368558048	 -0.109952346129	   32.2105104318
15	 -0.145368558048	 -0.109952346129	-0.0831101046549	   32.2972057192
16	 -0.109952346129	-0.0831101046549	-0.0627806509757	   32.3817185124
17	-0.0831101046549	-0.0627806509757	-0.0474114411156	    32.416668843
18	-0.0627806509757	-0.0474114411156	-0.0357979463469	    32.441790532
19	-0.0474114411156	-0.0357979463469	-0.0270266728022	   32.4541374697
20	-0.0357979463469	-0.0270266728022	-0.0204033491848	   32.4619431714
21	-0.0270266728022	-0.0204033491848	-0.0154026950174	   32.4660987034
22	-0.0204033491848	-0.0154026950174	-0.0116274326759	   32.4685805267
23	-0.0154026950174	-0.0116274326759	-0.0087774114472	   32.4699513727
24	-0.0116274326759	-0.0087774114472	-0.00662592420512	   32.4707493697
25	-0.0087774114472	-0.00662592420512	-0.00500178478177	   32.4711976667
26	-0.00662592420512	-0.00500178478177	-0.00377574531707	   32.4714556134
27	-0.00500178478177	-0.00377574531707	-0.00285022998895	   32.4716016499
28	-0.00377574531707	-0.00285022998895	-0.0021515767569	   32.4716852329
29	-0.00285022998895	-0.0021515767569	-0.00162417801343	   32.4717327233
30	-0.0021515767569	-0.00162417801343	-0.00122605604048	   32.4717598386
31	-0.00162417801343	-0.00122605604048	-0.00092552246543	   32.4717752702
32	-0.00122605604048	-0.00092552246543	-0.000698656300164	   32.4717840821
33	-0.00092552246543	-0.000698656300164	-0.000527400063771	   32.4717890947
34	-0.000698656300164	-0.000527400063771	-0.00039812254076	   32.4717919171
35	-0.000527400063771	-0.00039812254076	-0.000300533819496	   32.4717934998
36	-0.00039812254076	-0.000300533819496	-0.000226866270594	   32.4717943791
37	-0.000300533819496	-0.000226866270594	-0.000171256281331	    32.471795388
38	-0.000226866270594	-0.000171256281331	-0.000129277542593	    32.471795097
39	-0.000171256281331	-0.000129277542593	-9.75887294825e-05	   32.4717959533
40	-0.000129277542593	-9.75887294825e-05	-7.3667552447e-05	   32.4717955748
41	-9.75887294825e-05	-7.3667552447e-05	-5.56099899913e-05	   32.4717959101
42	-7.3667552447e-05	-5.56099899913e-05	-4.19787399679e-05	   32.4717941363
43	-5.56099899913e-05	-4.19787399679e-05	-3.16888115548e-05	   32.4718028483
44	-4.19787399679e-05	-3.16888115548e-05	-2.3921181583e-05	   32.4717654306
45	-3.16888115548e-05	-2.3921181583e-05	-1.80575609198e-05	   32.4718309924
46	-2.3921181583e-05	-1.80575609198e-05	-1.36312454138e-05	   32.4718349025
47	-1.80575609198e-05	-1.36312454138e-05	-1.02899238203e-05	   32.4717816365
48	-1.36312454138e-05	-1.02899238203e-05	-7.7676433383e-06	   32.4716309977
49	-1.02899238203e-05	-7.7676433383e-06	-5.86361703314e-06	   32.4718734939
50	-7.7676433383e-06	-5.86361703314e-06	-4.42630806756e-06	   32.4719595572

Secante (17, 17.5)

1	              17	            17.5	   16.1998667635	             100
2	            17.5	   16.1998667635	   12.9579870533	   25.0183897918
3	   16.1998667635	   12.9579870533	 -0.081335922354	   16031.4441618
4	   12.9579870533	 -0.081335922354	-0.0815228467133	   0.22929076553
5	 -0.081335922354	-0.0815228467133	-0.0543342007133	   50.0396539251
6	-0.0815228467133	-0.0543342007133	-0.0429232559955	   26.5845273226
7	-0.0543342007133	-0.0429232559955	 -0.031836560823	   34.8237839952
8	-0.0429232559955	 -0.031836560823	-0.0241988133568	   31.5624876047
9	 -0.031836560823	-0.0241988133568	-0.0182204458869	   32.8113126701
10	-0.0241988133568	-0.0182204458869	-0.0137685320319	   32.3339760888
11	-0.0182204458869	-0.0137685320319	-0.0103897314501	   32.5205766681
12	-0.0137685320319	-0.0103897314501	-0.00784423297163	   32.4505721296
13	-0.0103897314501	-0.00784423297163	-0.00592113385528	   32.4785617646
14	-0.00784423297163	-0.00592113385528	-0.00446984651596	   32.4683931347
15	-0.00592113385528	-0.00446984651596	-0.00337416555524	   32.4726496901
16	-0.00446984651596	-0.00337416555524	-0.00254709352772	   32.4712076144
17	-0.00337416555524	-0.00254709352772	-0.00192274287958	   32.4718741529
18	-0.00254709352772	-0.00192274287958	-0.00145143691163	   32.4716812816
19	-0.00192274287958	-0.00145143691163	-0.00109565734154	   32.4717917372
20	-0.00145143691163	-0.00109565734154	-0.000827087418291	   32.4717698886
21	-0.00109565734154	-0.000827087418291	-0.000624349846726	   32.4717900755
22	-0.000827087418291	-0.000624349846726	-0.000471307779199	   32.4717889841
23	-0.000624349846726	-0.000471307779199	-0.000355779722947	   32.4717933039
24	-0.000471307779199	-0.000355779722947	-0.000268570170753	   32.4717938516
25	-0.000355779722947	-0.000268570170753	-0.000202737624947	   32.4717949236
26	-0.000268570170753	-0.000202737624947	-0.000153042105916	   32.4717950875
27	-0.000202737624947	-0.000153042105916	-0.000115528067625	   32.4717958691
28	-0.000153042105916	-0.000115528067625	-8.72095590809e-05	   32.4717941967
29	-0.000115528067625	-8.72095590809e-05	-6.58325472309e-05	   32.4717981442
30	-8.72095590809e-05	-6.58325472309e-05	-4.96955203689e-05	   32.4717937195
31	-6.58325472309e-05	-4.96955203689e-05	-3.75140391402e-05	   32.4717932483
32	-4.96955203689e-05	-3.75140391402e-05	-2.83185093126e-05	   32.4718004259
33	-3.75140391402e-05	-2.83185093126e-05	-2.13770103327e-05	   32.4717950356
34	-2.83185093126e-05	-2.13770103327e-05	-1.61370239369e-05	   32.4718263805
35	-2.13770103327e-05	-1.61370239369e-05	-1.21814902314e-05	   32.4716732553
36	-1.61370239369e-05	-1.21814902314e-05	-9.19552662622e-06	   32.4719151659
37	-1.21814902314e-05	-9.19552662622e-06	-6.94150914143e-06	   32.4715769853
38	-9.19552662622e-06	-6.94150914143e-06	-5.23996922806e-06	   32.4723264452
39	-6.94150914143e-06	-5.23996922806e-06	-3.95556259461e-06	   32.4708964332
40	-5.23996922806e-06	-3.95556259461e-06	-2.98593770033e-06	   32.4730450395
41	-3.95556259461e-06	-2.98593770033e-06	-2.25404712755e-06	   32.4700652368
42	-2.98593770033e-06	-2.25404712755e-06	-1.70146637346e-06	   32.4767366965
43	-2.25404712755e-06	-1.70146637346e-06	-1.2844222653e-06	   32.4693926151
44	-1.70146637346e-06	-1.2844222653e-06	-9.69515261046e-07	   32.4808713086
45	-1.2844222653e-06	-9.69515261046e-07	-7.31802714434e-07	   32.4831463349
46	-9.69515261046e-07	-7.31802714434e-07	-5.52501197001e-07	   32.4526930268
47	-7.31802714434e-07	-5.52501197001e-07	-4.17068614133e-07	   32.4724945199
48	-5.52501197001e-07	-4.17068614133e-07	-3.14766646577e-07	   32.5008919044
49	-4.17068614133e-07	-3.14766646577e-07	-2.37942180521e-07	   32.2870311976
50	-3.14766646577e-07	-2.37942180521e-07	-1.79112634441e-07	   32.8450007244
