1	             1.5	               2	            1.75	   14.2857142857
2	            1.75	               2	           1.875	   6.66666666667
3	           1.875	               2	          1.9375	   3.22580645161
4	          1.9375	               2	         1.96875	    1.5873015873
5	          1.9375	         1.96875	        1.953125	             0.8
6	        1.953125	         1.96875	       1.9609375	  0.398406374502
7	        1.953125	       1.9609375	      1.95703125	  0.199600798403
8	      1.95703125	       1.9609375	     1.958984375	 0.0997008973081
9	      1.95703125	     1.958984375	    1.9580078125	 0.0498753117207
10	    1.9580078125	     1.958984375	   1.95849609375	  0.024931438544
11	    1.9580078125	   1.95849609375	   1.95825195312	 0.0124672734073
12	    1.9580078125	   1.95825195312	   1.95812988281	0.00623402531014
13	   1.95812988281	   1.95825195312	   1.95819091797	0.00311691550042
14	   1.95819091797	   1.95825195312	   1.95822143555	0.00155843346268
15	   1.95819091797	   1.95822143555	   1.95820617676	0.000779222803176
16	   1.95820617676	   1.95822143555	   1.95821380615	0.000389609883624
17	   1.95821380615	   1.95822143555	   1.95821762085	0.000194804562323
18	   1.95821762085	   1.95822143555	    1.9582195282	9.74021862895e-05


1	             3.5	               4	            3.75	   6.66666666667
2	             3.5	            3.75	           3.625	   3.44827586207
3	           3.625	            3.75	          3.6875	   1.69491525424
4	           3.625	          3.6875	         3.65625	  0.854700854701
5	         3.65625	          3.6875	        3.671875	  0.425531914894
6	        3.671875	          3.6875	       3.6796875	  0.212314225053
7	        3.671875	       3.6796875	      3.67578125	  0.106269925611
8	      3.67578125	       3.6796875	     3.677734375	 0.0531067445566
9	     3.677734375	       3.6796875	    3.6787109375	 0.0265463233342
10	     3.677734375	    3.6787109375	   3.67822265625	 0.0132749236692
11	     3.677734375	   3.67822265625	   3.67797851562	0.00663790242283
12	     3.677734375	   3.67797851562	   3.67785644531	0.00331906136944
13	   3.67785644531	   3.67797851562	   3.67791748047	0.00165950314476
14	   3.67791748047	   3.67797851562	   3.67794799805	0.00082974468756
15	   3.67794799805	   3.67797851562	   3.67796325684	0.000414870622596
16	   3.67796325684	   3.67797851562	   3.67797088623	0.000207434881005
17	   3.67796325684	   3.67797088623	   3.67796707153	0.000103717548076
18	   3.67796325684	   3.67796707153	   3.67796516418	5.18588009312e-05


1	               5	             5.5	            5.25	    4.7619047619
2	            5.25	             5.5	           5.375	   2.32558139535
3	            5.25	           5.375	          5.3125	   1.17647058824
4	          5.3125	           5.375	         5.34375	  0.584795321637
5	          5.3125	         5.34375	        5.328125	  0.293255131965
6	          5.3125	        5.328125	       5.3203125	   0.14684287812
7	          5.3125	       5.3203125	      5.31640625	 0.0734753857458
8	      5.31640625	       5.3203125	     5.318359375	 0.0367242012486
9	      5.31640625	     5.318359375	    5.3173828125	 0.0183654729109
10	    5.3173828125	     5.318359375	   5.31787109375	 0.0091818933064
11	   5.31787109375	     5.318359375	   5.31811523438	0.00459073589496
12	   5.31787109375	   5.31811523438	   5.31799316406	0.00229542063583
13	   5.31787109375	   5.31799316406	   5.31793212891	0.00114772349046
14	   5.31787109375	   5.31793212891	   5.31790161133	0.00057386503842
15	   5.31790161133	   5.31793212891	   5.31791687012	0.00028693169591
16	   5.31791687012	   5.31793212891	   5.31792449951	0.000143465642131
17	   5.31792449951	   5.31793212891	   5.31792831421	7.17327696094e-05


1	             6.5	               7	            6.75	    3.7037037037
2	            6.75	               7	           6.875	   1.81818181818
3	           6.875	               7	          6.9375	  0.900900900901
4	           6.875	          6.9375	         6.90625	  0.452488687783
5	         6.90625	          6.9375	        6.921875	  0.225733634312
6	        6.921875	          6.9375	       6.9296875	   0.11273957159
7	        6.921875	       6.9296875	      6.92578125	 0.0564015792442
8	      6.92578125	       6.9296875	     6.927734375	 0.0281928390189
9	     6.927734375	       6.9296875	    6.9287109375	 0.0140944326991
10	     6.927734375	    6.9287109375	   6.92822265625	0.00704771301713
11	     6.927734375	   6.92822265625	   6.92797851562	0.00352398068859
12	   6.92797851562	   6.92822265625	   6.92810058594	0.00176195929874
13	   6.92797851562	   6.92810058594	   6.92803955078	0.00088098741069
14	   6.92803955078	   6.92810058594	   6.92807006836	0.000440491765006
15	   6.92803955078	   6.92807006836	   6.92805480957	0.000220246367587
16	   6.92805480957	   6.92807006836	   6.92806243896	0.000110123062522
17	   6.92806243896	   6.92807006836	   6.92806625366	5.50615009435e-05

1	             8.5	               9	            8.75	   2.85714285714
2	            8.75	               9	           8.875	   1.40845070423
3	           8.875	               9	          8.9375	  0.699300699301
4	          8.9375	               9	         8.96875	  0.348432055749
5	         8.96875	               9	        8.984375	  0.173913043478
6	        8.984375	               9	       8.9921875	 0.0868809730669
7	       8.9921875	               9	      8.99609375	 0.0434216239687
8	      8.99609375	               9	     8.998046875	 0.0217060994139
9	     8.998046875	               9	    8.9990234375	 0.0108518719479
10	    8.9990234375	               9	   8.99951171875	0.00542564158212
11	   8.99951171875	               9	   8.99975585938	0.00271274719909
12	   8.99975585938	               9	   8.99987792969	 0.0013563552023
13	   8.99987792969	               9	   8.99993896484	0.000678173001933
14	   8.99993896484	               9	   8.99996948242	0.000339085351174
15	   8.99996948242	               9	   8.99998474121	0.00016954238814
16	   8.99998474121	               9	   8.99999237061	8.47711222086e-05
