1	             1.5	               2	   1.92487332602	   3.90294119408
2	             1.5	   1.92487332602	   1.98220105686	   2.89212492542
3	             1.5	   1.98220105686	   1.93952267021	   2.20045825246
4	             1.5	   1.93952267021	   1.97195332794	   1.64459560337
5	             1.5	   1.97195332794	    1.9476579334	   1.24741588989
6	             1.5	    1.9476579334	   1.96606662222	   0.93632070321
7	             1.5	   1.96606662222	   1.95223193572	  0.708659982743
8	             1.5	   1.95223193572	   1.96269561152	  0.533127793096
9	             1.5	   1.96269561152	   1.95481855832	  0.402955720179
10	             1.5	   1.95481855832	   1.96076980294	  0.303515721959
11	             1.5	   1.96076980294	   1.95628556578	  0.229222013279
12	             1.5	   1.95628556578	   1.95967132713	  0.172771898116
13	             1.5	   1.95967132713	   1.95711885831	  0.130419714456
14	             1.5	   1.95711885831	   1.95904535508	 0.0983385488138
15	             1.5	   1.95904535508	   1.95759258167	 0.0742122451505
16	             1.5	   1.95759258167	    1.9586888423	 0.0559691056342
17	             1.5	    1.9586888423	   1.95786201594	 0.0422310842085
18	             1.5	   1.95786201594	   1.95848586232	 0.0318535041512
19	             1.5	   1.95848586232	   1.95801529871	 0.0240326827642
20	             1.5	   1.95801529871	   1.95837031776	 0.0181282898728
21	             1.5	   1.95837031776	   1.95810251494	  0.013676649661
22	             1.5	   1.95810251494	   1.95830455215	 0.0103169450587
23	             1.5	   1.95830455215	   1.95815214413	 0.0077832571115
24	             1.5	   1.95815214413	     1.958267122	0.00587140894233
25	             1.5	     1.958267122	   1.95818038626	0.00442940506473
26	             1.5	   1.95818038626	   1.95824581959	0.00334142552867
27	             1.5	   1.95824581959	   1.95819645824	0.00252075571054
28	             1.5	   1.95819645824	    1.9582336961	0.00190160469253
29	             1.5	    1.9582336961	   1.95820560458	0.00143455394126
30	             1.5	   1.95820560458	   1.95822679654	0.00108220147899
31	             1.5	   1.95822679654	   1.95821080969	0.000816400832698
32	             1.5	   1.95821080969	   1.95822286999	0.000615879403322
33	             1.5	   1.95822286999	   1.95821377189	0.000464611805915
34	             1.5	   1.95821377189	   1.95822063538	0.000350495988885
35	             1.5	   1.95822063538	   1.95821545767	0.000264409578151
36	             1.5	   1.95821545767	   1.95821936366	0.000199466661356
37	             1.5	   1.95821936366	   1.95821641704	0.000150474949098
38	             1.5	   1.95821641704	   1.95821863993	0.000113516116454
39	             1.5	   1.95821863993	   1.95821696301	8.56349941023e-05

1	             3.5	               4	   3.44454397591	   1.60996708073
2	   3.44454397591	               4	   3.37095513669	   2.18302635986
3	   3.37095513669	               4	   3.27243116412	   3.01072712088
4	   3.27243116412	               4	   3.13845708976	   4.26878783224
5	   3.13845708976	               4	   2.95056660425	   6.36794591371
6	   2.95056660425	               4	   2.66601194474	   10.6734202775
7	   2.66601194474	               4	   2.06447930684	   29.1372568332
8	   2.06447930684	               4	   2.16513394265	   4.64888725022
9	   2.16513394265	               4	   2.41788096077	   10.4532448959
10	   2.41788096077	               4	   33.3985051752	   92.7605114418
11	   2.41788096077	   33.3985051752	  -42.8493945751	   177.943937146
12	  -42.8493945751	   33.3985051752	  0.172841939687	   24891.0863837
13	  -42.8493945751	  0.172841939687	  0.763080189266	   77.3494395323
14	  -42.8493945751	  0.763080189266	  -537.928938925	   100.141855203
15	  -537.928938925	  0.763080189266	   50.2133469178	   1171.28676327
16	  -537.928938925	   50.2133469178	  -1.45979583823	   3539.75134075
17	  -537.928938925	  -1.45979583823	  0.506019162463	   388.486276117
18	  -537.928938925	  0.506019162463	   3.29008757156	   84.6198877246
19	  -537.928938925	   3.29008757156	  0.535459840664	   514.441517683
20	  -537.928938925	  0.535459840664	   3.77082982175	   85.7999468028
21	  -537.928938925	   3.77082982175	   6.29003745004	   40.0507572221
22	  -537.928938925	   6.29003745004	 -0.143649920256	   4478.72672593
23	  -537.928938925	 -0.143649920256	 -0.602774500957	   76.1685472713
24	  -537.928938925	 -0.602774500957	  -5.31076754305	   88.6499550946
25	  -537.928938925	  -5.31076754305	  -5.09146788927	   4.30719899542
26	  -537.928938925	  -5.09146788927	  -1.81678261531	   180.246400772
27	  -537.928938925	  -1.81678261531	  -1.05279548881	   72.5674772182
28	  -537.928938925	  -1.05279548881	   3.52827821634	   129.838788901
29	  -537.928938925	   3.52827821634	    1.9032570672	   85.3810647621
30	  -537.928938925	    1.9032570672	   1.55779645453	   22.1762356482
31	  -537.928938925	   1.55779645453	-0.0961283545819	   1720.53793732
32	  -537.928938925	-0.0961283545819	  -0.39718849415	   75.7977997858
33	  -537.928938925	  -0.39718849415	  -2.07496450724	   80.8580584022
34	  -537.928938925	  -2.07496450724	  -3.19626317311	   35.0815500834
35	  -537.928938925	  -3.19626317311	 -0.138219803118	   2212.44951953
36	  -537.928938925	 -0.138219803118	 -0.578773184441	   76.1184853007
37	  -537.928938925	 -0.578773184441	  -4.63559893462	   87.5145975179
38	  -537.928938925	  -4.63559893462	  0.450284190229	   1129.48294327
39	  -537.928938925	  0.450284190229	   2.59071059293	   82.6192786081
40	  -537.928938925	   2.59071059293	  -4.07618322279	   163.557265494
41	  -537.928938925	  -4.07618322279	   6.93463552028	   158.780064372
42	  -537.928938925	   6.93463552028	   7.30072811936	   5.01446695578
43	  -537.928938925	   7.30072811936	  -4.21426516587	   273.238461084
44	  -537.928938925	  -4.21426516587	   3.33731407168	   226.277152085
45	  -537.928938925	   3.33731407168	  0.752575533762	   343.452374142
46	  -537.928938925	  0.752575533762	   33.1187006601	   97.7276417288
47	  -537.928938925	   33.1187006601	 -0.337281568072	   9919.30345303
48	  -537.928938925	 -0.337281568072	  -1.63030705243	   79.3117764185
49	  -537.928938925	  -1.63030705243	   -0.2013285833	   709.774263399
50	  -537.928938925	   -0.2013285833	 -0.868725595195	   76.8248357809

1	               5	             5.5	   4.99591878853	 0.0816909089354
2	   4.99591878853	             5.5	   4.99178299863	 0.0828519569922
3	   4.99178299863	             5.5	   4.98759182214	 0.0840320668365
4	   4.98759182214	             5.5	   4.98334443578	 0.0852316433985
5	   4.98334443578	             5.5	   4.97904000074	 0.0864511038315
6	   4.97904000074	             5.5	   4.97467766221	 0.0876908780322
7	   4.97467766221	             5.5	   4.97025654897	 0.0889514091914
8	   4.97025654897	             5.5	   4.96577577285	 0.0902331543752
9	   4.96577577285	             5.5	   4.96123442828	 0.0915365851396
10	   4.96123442828	             5.5	   4.95663159172	 0.0928621881814
11	   4.95663159172	             5.5	   4.95196632117	 0.0942104660259
12	   4.95196632117	             5.5	   4.94723765556	 0.0955819377572
13	   4.94723765556	             5.5	   4.94244461413	 0.0969771397914
14	   4.94244461413	             5.5	   4.93758619588	 0.0983966266971
15	   4.93758619588	             5.5	   4.93266137881	  0.099840972067
16	   4.93266137881	             5.5	   4.92766911931	  0.101310769444
17	   4.92766911931	             5.5	   4.92260835139	  0.102806633304
18	   4.92260835139	             5.5	   4.91747798594	  0.104329200109
19	   4.91747798594	             5.5	   4.91227690992	  0.105879129415
20	   4.91227690992	             5.5	   4.90700398549	  0.107457105071
21	   4.90700398549	             5.5	   4.90165804917	  0.109063836481
22	   4.90165804917	             5.5	   4.89623791086	  0.110700059964
23	   4.89623791086	             5.5	   4.89074235289	  0.112366540202
24	   4.89074235289	             5.5	   4.88517012893	   0.11406407179
25	   4.88517012893	             5.5	   4.87951996291	  0.115793480894
26	   4.87951996291	             5.5	   4.87379054787	  0.117555627034
27	   4.87379054787	             5.5	    4.8679805447	  0.119351404989
28	    4.8679805447	             5.5	   4.86208858082	  0.121181746848
29	   4.86208858082	             5.5	   4.85611324884	  0.123047624216
30	   4.85611324884	             5.5	   4.85005310503	  0.124950050582
31	   4.85005310503	             5.5	    4.8439066678	  0.126890083876
32	    4.8439066678	             5.5	     4.837672416	  0.128868829227
33	     4.837672416	             5.5	   4.83134878716	  0.130887441937
34	   4.83134878716	             5.5	   4.82493417561	  0.132947130702
35	   4.82493417561	             5.5	   4.81842693047	   0.13504916109
36	   4.81842693047	             5.5	   4.81182535344	  0.137194859322
37	   4.81182535344	             5.5	   4.80512769658	  0.139385616369
38	   4.80512769658	             5.5	   4.79833215979	    0.1416228924
39	   4.79833215979	             5.5	   4.79143688818	  0.143908221632
40	   4.79143688818	             5.5	   4.78443996922	   0.14624321761
41	   4.78443996922	             5.5	   4.77733942974	   0.14862957897
42	   4.77733942974	             5.5	    4.7701332326	  0.151069095734
43	    4.7701332326	             5.5	   4.76281927319	  0.153563656213
44	   4.76281927319	             5.5	   4.75539537559	  0.156115254562
45	   4.75539537559	             5.5	    4.7478592885	  0.158725999091
46	    4.7478592885	             5.5	   4.74020868074	  0.161398121397
47	   4.74020868074	             5.5	   4.73244113644	  0.164133986441
48	   4.73244113644	             5.5	   4.72455414983	  0.166936103669
49	   4.72455414983	             5.5	   4.71654511949	   0.16980713932
50	   4.71654511949	             5.5	   4.70841134219	  0.172749930071

1              6.5                 7     6.71334627513     3.17794236119
2    6.71334627513                 7      6.8192605924     1.55316424469
3     6.8192605924                 7     6.87273072464    0.778004178757
4    6.87273072464                 7     6.89987864889    0.393455097347
5    6.89987864889                 7     6.91369601445    0.199854976729
6    6.91369601445                 7     6.92073674122    0.101733775351
7    6.92073674122                 7     6.92432643986   0.0518418458771
8    6.92432643986                 7     6.92615716465   0.0264320422099
9    6.92615716465                 7     6.92709095883   0.0134803222329
10     6.92709095883                 7     6.92756729251   0.0068759156065
11     6.92756729251                 7     6.92781028213  0.00350745198395
12     6.92781028213                 7     6.92793423953  0.00178924042406
13     6.92793423953                 7      6.9279974751  0.00091275392976
14      6.9279974751                 7     6.92802973422  0.000465632004853
15     6.92802973422                 7       6.928046191  0.000237538510169
16       6.928046191                 7     6.92805458633  0.000121178703165
17     6.92805458633                 7     6.92805886916  6.18185931256e-05


1	             8.5	               9	   8.42255185128	  0.919533059483
2	   8.42255185128	               9	   8.09213476672	   4.08318810902
3	   8.09213476672	               9	   6.57118885312	   23.1456734479
4	   6.57118885312	               9	   4.43782827483	   48.0721750859
5	   4.43782827483	               9	 -0.163858815722	   2808.32439212
6	 -0.163858815722	               9	 -0.603455757015	   72.8465900247
7	 -0.603455757015	               9	  -7.33951542207	   91.7779891136
8	  -7.33951542207	               9	  0.602069596763	   1319.04767514
9	  0.602069596763	               9	   3.03778137341	   80.1806146409
10	   3.03778137341	               9	  0.398945747505	   661.452250691
11	  0.398945747505	               9	   1.49794930399	   73.3672063238
12	   1.49794930399	               9	  0.080781624436	    1754.3193634
13	  0.080781624436	               9	  0.270616968914	   70.1490912562
14	  0.270616968914	               9	  0.936857895635	    71.114405912
15	  0.936857895635	               9	  -14.0818419407	   106.652949945
16	  -14.0818419407	               9	  -1.17406680074	   1099.40721701
17	  -14.0818419407	  -1.17406680074	   2.55558512265	   145.941212849
18	  -14.0818419407	   2.55558512265	  -3.06729110235	   183.317332375
19	  -14.0818419407	  -3.06729110235	  0.323178718661	   1049.10058282
20	  -14.0818419407	  0.323178718661	   1.62525390611	   80.1151858521
21	  -14.0818419407	   1.62525390611	  0.219010174609	   642.090594198
22	  -14.0818419407	  0.219010174609	  0.974474396595	   77.5253023195
23	  -14.0818419407	  0.974474396595	  -3.47938031643	   128.007125062
24	  -14.0818419407	  -3.47938031643	  -1.87832062815	   85.2388918207
25	  -14.0818419407	  -1.87832062815	  -1.46791073451	   27.9587773288
26	  -14.0818419407	  -1.46791073451	  0.447092099174	   428.324015839
27	  -14.0818419407	  0.447092099174	   2.86844947696	   84.4134574179
28	  -14.0818419407	   2.86844947696	 -0.896555956872	    419.94093118
29	  -14.0818419407	 -0.896555956872	   27.2786945069	   103.286652727
30	  -14.0818419407	   27.2786945069	   1.86058328871	   1366.13670414
31	   1.86058328871	   27.2786945069	   1.23072457004	   51.1778779754
32	   1.23072457004	   27.2786945069	  -2.48710280293	   149.484266135
33	  -2.48710280293	   27.2786945069	   6.55504401437	   137.941816981
34	   6.55504401437	   27.2786945069	  0.209651294642	   3026.64132391
35	  0.209651294642	   27.2786945069	  0.995433061575	   78.9386848062
36	  0.995433061575	   27.2786945069	  -7.30399504477	   113.628610856
37	  -7.30399504477	   27.2786945069	   4.10861885371	   277.772514434
38	   4.10861885371	   27.2786945069	  -12.0499521133	   134.096557522
39	  -12.0499521133	   27.2786945069	     3.803786987	   416.788299516
40	     3.803786987	   27.2786945069	   7.41632045423	   48.7105902384
41	   7.41632045423	   27.2786945069	  -7.58415293038	   197.787063662
42	  -7.58415293038	   27.2786945069	   2.10839453512	   459.712226722
43	   2.10839453512	   27.2786945069	   3.75000051819	   43.7761534992
44	   3.75000051819	   27.2786945069	   5.34824179586	   29.8834895407
45	   5.34824179586	   27.2786945069	   6.39063277297	    16.311232614
46	   6.39063277297	   27.2786945069	 -0.989553124638	   745.809973598
47	 -0.989553124638	   27.2786945069	    4.5932952785	   121.543425028
48	    4.5932952785	   27.2786945069	  -1.90618548995	   340.967906991
49	  -1.90618548995	   27.2786945069	  -1.50341420974	   26.7904398934
50	  -1.50341420974	   27.2786945069	  0.574504879351	    361.68867555
