1	               2	   1.96628542989	               0	   1.71463255514
2	   1.96628542989	   1.95934374463	               0	  0.354286238914
3	   1.95934374463	   1.95836326591	               0	 0.0500662333297
4	   1.95836326591	   1.95823629687	               0	0.00648384646781
5	   1.95823629687	   1.95822006031	               0	0.000829149361305
6	   1.95822006031	   1.95821798739	               0	0.000105857010799
7	   1.95821798739	    1.9582177228	               0	1.35118631443e-05

1	             3.5	   3.74967069404	               0	   6.65846988747
2	   3.74967069404	   3.69988689707	               0	   1.34554915742
3	   3.69988689707	   3.68081329904	               0	  0.518189771839
4	   3.68081329904	   3.67815263735	               0	 0.0723369025601
5	   3.67815263735	   3.67797441841	               0	0.00484557292971
6	   3.67797441841	   3.67796413423	               0	0.00027961631919
7	   3.67796413423	   3.67796354709	               0	1.59635900373e-05

1	             5.5	   5.50223975918	               0	 0.0407063173238
2	   5.50223975918	    5.5068012225	               0	 0.0828332663898
3	    5.5068012225	   5.51626074725	               0	  0.171484365538
4	   5.51626074725	   5.53659924318	               0	  0.367346362594
5	   5.53659924318	   5.58357910097	               0	  0.841393252291
6	   5.58357910097	   5.70839194026	               0	   2.18647984578
7	   5.70839194026	   6.13352422096	               0	   6.93128885424
8	   6.13352422096	    7.6744588074	               0	   20.0787394279
9	    7.6744588074	    9.5206720816	               0	   19.3916275908
10	    9.5206720816	    11.720799345	               0	   18.7711366657
11	    11.720799345	   11.7034397723	               0	  0.148328807719
12	   11.7034397723	   11.6969349893	               0	 0.0556110042725
13	   11.6969349893	   11.6963035365	               0	0.00539873739325
14	   11.6963035365	   11.6962943183	               0	7.88133930495e-05

1	               7	    6.9649934199	               0	  0.502607511463
2	    6.9649934199	   6.93801969083	               0	  0.388781385329
3	   6.93801969083	   6.92891854551	               0	  0.131350156018
4	   6.92891854551	   6.92808465089	               0	 0.0120364380363
5	   6.92808465089	   6.92806374245	               0	0.000301793525748
6	   6.92806374245	   6.92806333732	               0	5.84763460345e-06

1	             8.5	   8.52862341151	               0	  0.335615844788
2	   8.52862341151	   8.52437510708	               0	 0.0498371361837
3	   8.52437510708	   8.52415369052	               0	0.00259751957859
4	   8.52415369052	   8.52415038291	               0	3.88027885502e-05
